0.07877374097382275
0.12911702873861305
0.11322741017784621
0.15764232270021142
0.1452505727917279
0.1254664202449573
0.09521177903224333
0.17402129360668325
0.13700977084136773
0.16788681728900903
0.14411581215061042
0.12233130455631887
0.14488023298188135
0.10963390820376098
0.14326183464282177
0.13657365202411376
0.1684352746388374
0.12289566960643265
0.12236142980803436
0.11392554749543714
0.09638464396847558
0.12553693371660177
0.13485105098093797
0.12019230849254711
0.15051514808397945
0.0714390317933709
0.1076955139952804
0.14087456275196628
0.12688605975512662
0.14991028676692458
0.11679005711655562
0.17165805259920544
0.12196205052539515
0.1370126617266461
0.12869151713506097
0.13271486085410905
0.12728655959337773
0.13365760323569315
0.12268681998686308
0.14107450655067216
0.10546446269030837
0.1771844998259828
0.1111089039855984
0.1725807456839019
0.08295006561103006
0.09321750543078379
0.12065359187261603
0.13986780832200948
0.1526024517755316
0.1425838494753077
0.15667332782360774
0.1242150281091449
0.14271041737343762
0.14144479070546595
0.12215119161468109
0.13126004727852278
0.13941115222038392
0.13433930650287407
0.15180555836576964
0.1033403242677083
0.13758184828117184
0.1293544474860341
0.08795346543840395
0.1337292834124443
0.1204481380862152
0.15454027333344394
0.15365463191640508
0.1933541795268049
0.15767883737499483
0.13025933835063253
0.14899938518061573
0.11748211558760942
0.1598350605929771
0.12424762317732194
0.17640139506941022
0.10245380610983638
0.12868684385996595
0.11631958302242418
0.11481324950079096
0.12938067372918852
0.14210402989622864
0.1103585006734879
0.14888495277642888
0.13816924086794552
0.17872791870406404
0.1744406182672469
0.15042368220154845
0.13470572342508205
0.12583807605705236
0.18009519761579634
0.08972095723680361
0.14025296976409782
0.12590874518352696
0.14343142924989663
0.1759560654560766
0.13688177273465807
0.15351354556857982
0.20209299725170132
0.13306411327444542
0.1239117742057689
0.08150430693840104
0.1489868066166651
0.15593587760820063
0.12802966546257685
0.14187002216017303
0.16045889669824448
0.11241276192493045
0.11701158286633992
0.10039872747314653
0.17831355313883168
0.1188399578461679
0.10351406399187149
0.12905048253634924
0.1387452845929687
0.13954994247044314
0.13176581491619277
0.1539571820647501
0.1241199090910824
0.13127360559453446
0.1286708094152288
0.11860019208090297
0.18512991476933435
0.12919603251931266
0.16268027482597106
0.16441754575633094
0.07951124798315458
0.09093871411573995
0.09565149424744726
0.10521073257560024
0.1630300735363826
0.10992774955669189
0.1568773840432884
0.15632386656811292
0.16072989781526797
0.1599137070264123
0.1364674967158846
0.1133281198845578
0.13218314197119801
0.1193433166363843
0.08846652528584183
0.10258097481306239
0.1535687279448189
0.08400700834646511
0.13088243958112317
0.160805377527321
0.12675064299416175
0.17551532562024097
0.13275201163253772
0.16673076450248892
0.14601011573660358
0.14636307451569386
0.13293231220327312
0.13027741467504542
0.09797908883467746
0.163940536644008
0.15503066787314712
0.12365636008806187
0.09457764038614447
0.10217245962704737
0.12887131534063498
0.15861101517722678
0.12678563631429782
0.17066134541347763
0.12317353215618408
0.13623707116428435
0.16214558584323743
0.1298766711330087
0.18389156506010187
0.14671565170812118
0.10382860181784066
0.11866409221903525
0.1187961619329109
0.1292622549627716
0.12344504224970342
0.16147039989251283
0.07925589163640032
0.15354812709270493
0.20544487908274983
0.13974042270315296
0.12536211796592914
0.13159018759661678
0.1666034319317257
0.1471602772823556
0.12742606647347599
0.14321756386842613
0.09384380978842717
0.16651429636257076
0.16818540785316352
0.15661799496924644
0.15113489279804918
0.12704290748439426
0.1176848797395351
0.15212395699018313
0.14637349192568086
0.12045930322595501
0.16768993531033552
0.12712418852237448
0.10297468040180045
0.11684752996146293
0.1464888331516226
0.12122402278656493
0.13679131354674545
0.13999335256610698
0.03304708179727306
0.1385256189059681
0.1564538563061007
0.14191170142494086
0.11943024034974781
0.10151622083050463
0.11636054812012898
0.14147600194667564
0.1487083805353026
0.07993785276425851
0.10958468170113443
0.20301362301722214
0.15428603664017218
0.13776011917792128
0.09442985521988417
0.10245021261210067
0.13927281199909458
0.15262101001399936
0.14008620658731888
0.1483477585105139
0.11896650976333731
0.15156757653154973
0.15003371782210748
0.15211150996887077
0.11620840580951046
0.1376632072440855
0.11940508525306238
0.08929225878189975
0.11147192032727658
0.16633915366107568
0.14479081828222132
0.14652859578854882
0.0943313630331162
0.10112252053247728
0.17335993028381064
0.09749882356687796
0.09501601852184356
0.13516141841643048
0.16112992262646764
0.13000818634136282
0.08850430993266296
0.16257788821882485
0.13733214128153257
0.1279458658680655
0.17087632383841542
0.09750963216012497
0.1306100470570947
0.10940082446415354
0.16706968940296768
0.1291026671607096
0.1309872316022877
0.13663744126855454
0.15935256710721504
0.1166255427298496
0.13340094732221905
0.12281040921224753
0.10400315502545643
0.11714417440146978
0.11530536278513334
0.10758051541237378
0.13138423988339473
0.15240604999677368
0.16744647633281703
0.14132080228629826
0.0996019520694429
0.1273041320407231
0.12820210986093927
0.12540273633643642
0.10450319053753342
0.11137194300963323
0.12244735847627716
0.11709821836228403
0.15728119610479832
0.17635405856477596
0.10512486353541828
0.1646738124848965
0.12661342791815597
0.13023793842529047
0.14842893749702618
0.08035087993160096
0.12197803613514205
0.13163192189306377
0.11358510303946326
0.1518049298549249
0.09186149879952307
0.14688285024318481
0.14474686294236172
0.15957668606578693
0.10778764767232547
0.159800705196297
0.10005807988723271
0.14283171547097676
0.12785205932469035
0.11391231675418535
0.10972704653396971
0.0917360449734684
0.08075801939776639
0.1832921964352262
0.1256088898175561
0.12645909536196054
0.12866465025926738
0.10742669991388222
0.1400835678422166
0.1711020246214341
0.17893099345636257
0.1698785602319523
0.09579860143240226
0.16199529675501886
0.1526994829047086
0.08982491023753283
0.13677671292686516
0.13961562217088588
0.07702806409830681
0.12117245169244327
0.14830617272502922
0.08669141903685419
0.1454366778619852
0.07161707869541424
0.13212527259476733
0.1346564408900299
0.09368241682808055
0.08863981495293706
0.0786982057400441
0.11711210053037993
0.11465511265511871
0.07925994214586185
0.1512363947292289
0.15639266331115492
0.16868830747010882
0.10483106607230822
0.08757209651739162
0.09043670657548206
0.1316249149131993
0.1441722632485713
0.11775778875009459
0.16226184027675183
0.1777707909206775
0.09673523615389155
0.12873910142169345
0.18232526264255414
0.13343833273483027
0.11340605022219666
0.09582912160525625
0.12247876588227244
0.12615305137502247
0.12880524062625587
0.11631796572889445
0.13192528493055322
0.12980795987485713
0.13450276436863057
0.13649309011866492
0.11811440802280962
0.178414325449827
0.16001760354106564
0.1214376193433131
0.12667434397823668
0.0973170126704673
0.12604375315399452
0.16598775476946828
0.1388080638808663
0.1056571121281372
0.16712459188337844
0.1072839828093883
0.11701054850257671
0.14211896492760498
0.1055659158266636
0.14361674951260983
0.06898546457033126
0.13486606713593366
0.10517362402962557
0.13650640502690695
0.152811006586888
0.14658346027753172
0.07973782099311992
0.1378074863812148
0.1271669754969221
0.1450231137886131
0.161382491793208
0.13220373053670997
0.12633596465606417
0.15134895876270676
0.1484827153615385
0.14791634287918165
0.1096543370735249
0.1432355951185363
0.15110538652752437
0.14040588476087507
0.16935806880657195
0.12759221576181676
0.1381110000212297
0.11022138754506865
0.13252240550939265
0.11927925462037244
0.09737235029709479
0.16130012215547707
0.16802344867588373
0.17589430473385048
0.06790473602725204
0.12019994749262435
0.12970900906870567
0.12836568007627253
0.1161517236834926
0.11826364126704052
0.18860915389457314
0.151778861842958
0.10159747467423766
0.1244571886656068
0.13743331777820764
0.10202466838514068
0.12258656202575786
0.10550510020101715
0.1296676184000065
0.13169016054644406
0.13500201113674967
0.12773017568625958
0.06954034109650314
0.11784263208907195
0.12484228445879476
0.15145961719472914
0.14525727453208603
0.13112031738198077
0.16095267920299328
0.12886427957057123
0.10264521415322167
0.10471889596810148
0.17361285103421403
0.14622742610832462
0.1600306234513061
0.10380329624498295
0.11202734685147325
0.11132409768681856
0.18212210950734617
0.11126681081431221
0.11456991504074346
0.14502874349234096
0.1394761183856676
0.08898103559219932
0.12304732867138378
0.16570580449949646
0.07209735843798382
0.15553868937035673
0.16201572739987008
0.12153482898941685
0.12489396766987179
0.1331282899094658
0.1895184913982601
0.09767670238721154
0.18268718009501791
0.09851069685209843
0.1741282276235567
0.1348422119181882
0.12315043626461233
0.13710435915210292
0.1243829007430839
0.13587479471699326
0.16190210394493598
0.1631095150096146
0.14098089635378108
0.07328312456811849
0.10694143299106984
0.13967863313273454
0.07860008491970125
0.12498048992253355
0.1417606435356671
0.11509219456987053
0.19712212717584865
0.12263980720583542
0.1291169005230494
0.11353840304782381
0.13762709113117888
0.14917823035028233
0.1532147102166063
0.11804255222967135
0.15143689197365204
0.12567175592983854
0.18010803193507083
0.15385485182705044
0.11414467883397911
0.10979751981128928
0.1890269628849744
0.13246371915110144
0.1887306651237122
0.15797787888592665
0.09948159594507291
0.13228534426721145
0.11976873316730861
0.1551303151972727
0.12889439837389813
0.12543509605858078
0.11627880717835398
0.13697678112479147
0.11064330339630533
0.16558516241786142
0.11215518167844411
0.1505545427894937
0.14221157554354802
0.14825563390999932
0.11244832035219121
0.1427856295860139
0.12742066278516997
0.10750191881725946
0.14398826547251845
0.14066082517051376
0.12496376649354547
0.11372398447111051
0.1539114310823439
0.1074940255164536
0.15920661046745532
0.1343462816464823
0.13217127627472455
0.11320008984304514
0.1646724468830861
0.09914449644320762
0.12964835050947382
0.11748034893587073
0.15930634134552235
0.10562761946090139
0.12878016953127225
0.12118339500868666
0.09516569982087338
0.16568213420006545
0.16034651771866326
0.1283559823775866
0.14471408992038032
0.11852256394020429
0.09778974606648433
0.15754826702755634
0.10844091551916553
0.14609754376765507
0.1626665702544781
0.15274989925823074
0.12696450848991428
0.18198230422601677
0.13603089909763075
0.15473707932233308
0.10780027398311627
0.11021936297646093
0.1040647266668923
0.1652211740326965
0.11461199162732616
0.1340439299118971
0.1250353836812414
0.13447989204704391
0.14636001928084783
0.12467848095025184
0.11609236056010647
0.14154549939684655
0.1358317273356403
0.14292840444555593
0.13653902102804302
0.1363001748322546
0.14011312705170195
0.08436168574086746
0.1256209606269424
0.0947017806357401
0.12845699182683448
0.13582917565356728
0.1487389717002917
0.1519264987976729
0.12625160349783573
0.11012661234211855
0.08676421606476219
0.14179760987327808
0.17419348130513101
0.1282777158521146
0.14741322004679383
0.08861431555811333
0.14326289366866266
0.14144814442156292
0.14503791239892097
0.14266089337314605
0.11329038296040657
0.15602932827892005
0.132671881777218
0.13877082395409313
0.09745406870142545
0.10803270317017288
0.11483369194820388
0.11869063293608804
0.10951020460211024
0.16666695143796234
0.13498855931206502
0.15869292671085494
0.1771183011944867
0.1492699608624575
0.1089282834988338
0.11703958555747096
0.1483541838598807
0.12490316033825262
0.08538070314624806
0.1292622166049711
0.09722372849120775
0.11051274772213326
0.1040489049105544
0.10984120871975835
0.08759801303677069
0.12237286503514683
0.17482441572442853
0.11055084359101168
0.07516767373470587
0.1577112718292478
0.1182830665932366
0.11754366531416492
0.10622136647277074
0.13395271366624503
0.1215551612956676
0.12497771761258805
0.1368868376567734
0.13812710440773274
0.14465396615372253
0.13005184719772878
0.10484915670661649
0.12833296118535345
0.10493986471541358
0.10028751487264725
0.14109791004066677
0.13992061999081948
0.14496710099099486
0.10992097696054863
0.14671145645188258
0.10875630362925313
0.1844338044877156
0.0939975198901528
0.1322571519536058
0.11173797158696984
0.12256059403636574
0.10758520475320808
0.10323021886587223
0.16252300156263907
0.17807642378693608
0.14842081264840254
0.17008167840952018
0.0909586369211254
0.11335395808131984
0.06409364142821065
0.11371855143337403
0.1639619188608187
0.10756591174824888
0.10782696617508084
0.1256490277334671
0.11903441430761062
0.08066855978787564
0.15172302661032366
0.06833887817789276
0.11915781472451792
0.18837351337638988
0.14167200954162915
0.12658004237612555
0.14930193464739047
0.0953609640678615
0.14139860350858166
0.18575139017267644
0.10435229598519986
0.1320409050525575
0.1109020848485165
0.12213401673483004
0.10664435044148986
0.16953519373371614
0.16048019602247612
0.11378342912113569
0.1563716556087008
0.125189303965559
0.1265698391587272
0.08455003675144997
0.14607050204255623
0.11725844124205576
0.15820046670110927
0.10326572292508396
0.09899542123649803
0.13797578551036507
0.10755028722706976
0.12920995407063823
0.1612424668449647
0.12922500607303308
0.1355445700104902
0.12273014496047302
0.13693787122746695
0.10718910942606948
0.1253655019649204
0.16307560610897465
0.14344232719957967
0.12769956824406337
0.09271531620452006
0.1550183436407636
0.11877140256147241
0.1052043980783377
0.12936051681127383
0.1559861917533079
0.1118789576568103
0.12408414515473142
0.13530892481593285
0.1391951777837421
0.09935116737921923
0.13186169730583672
0.14828501373873598
0.12337399050339876
0.1504742925580731
0.09811151219919767
0.15257602325398195
0.16265509615309856
0.1691348742735325
0.12798079297424836
0.1339337071798573
0.11443315983405263
0.17485541396011098
0.11537175570980561
0.1305171914970935
0.15862714910576808
0.13764786808426346
0.13230990216637611
0.1572220717040212
0.16094603442493596
0.11093128696354095
0.12652838575712885
0.14274503364594623
0.10896319861863873
0.12594786899122115
0.08738188897755422
0.0880672425440915
0.13567442514836087
0.11718022802234061
0.18540210149208974
0.1065984556579832
0.1292496266765823
0.10378703881997578
0.16865126796113705
0.13238897374541875
0.15859773461018511
0.12757918217319175
0.16735354589588913
0.11032702137186744
0.17555270125989342
0.12992986116412264
0.1385222633040546
0.1292016904526925
0.07566422516012015
0.1596944490723056
0.16315531161662264
0.13605263267347467
0.13674557146807173
0.15396194051020085
0.12093545221200991
0.12559459852979935
0.15161686216476603
0.13574426603554282
0.14044623548135385
0.11250415935864716
0.14978779350981028
0.09896878444607037
0.09083894659874661
0.070931735251449
0.11047284243119367
0.11145002946869197
0.13903933120439235
0.11848452336307526
0.1422010609433903
0.10658336335361915
0.1616047071952633
0.1294492658226094
0.09860059602982095
0.0861695352612736
0.15872854111810644
0.13109714689989463
0.10018770557235589
0.10748645313384658
0.09174811884428684
0.13811110789186457
0.11054747605017975
0.15625029193197104
0.13419959708717913
0.17881527141699458
0.19325032100009884
0.11395740738877341
0.15180587711762614
0.11753004742043877
0.17183867815484277
0.11664393024660193
0.14101467038207202
0.1381322587138306
0.15408213918768357
0.13801703555458314
0.1382699697634974
0.1050840071712427
0.1804105144420731
0.128168999370816
0.13355070347453762
0.16614147636433124
0.1484369591264576
0.13028847609312688
0.1469941276664975
0.16403922857545772
0.16046203355524968
0.13977386989631427
0.09159551397949453
0.10977949553870711
0.1270919740238943
0.16717161339844017
0.10280936039467102
0.1289962515676601
0.12573843135292737
0.12444582835916737
0.13798999185767585
0.1288215520227243
0.12932194290044968
0.08167244366071368
0.1271634621546992
0.13510123598076998
0.1010899906318178
0.10594230216310772
0.14594179239538566
0.15837673706683253
0.13890778852933997
0.13768444852529413
0.13482390098897395
0.13895543318018025
0.13475945882468987
0.1734618140476828
0.1056999342916535
0.13334541147089696
0.10475121429104906
0.1447613235652059
0.11139136060228359
0.09633246866074495
0.15481995782147753
0.19530651314655353
0.12709811356220835
0.10666747366084207
0.10953121987189658
0.09890640271647667
0.12949820855438096
0.1415728443889167
0.16396824637925325
0.11078010945843147
0.1584097321108328
0.09139725944008918
0.16929678685233673
0.13152944696078497
0.144315766943308
0.12828145752750622
0.14087695403770567
0.12002465158791202
0.09490144559215698
0.14840314518375636
0.1579871883667773
0.10560986407742247
0.11264754645801522
0.15620406306286014
0.13786290226874498
0.11468640289605335
0.12135364711065018
0.1469605877782916
0.10558386262426007
0.14652559306097757
0.14647315810488568
0.10576840520041209
0.15917224385839032
0.18792952339764596
0.15858945349007209
0.14009740801211024
0.10528197421942954
0.11950156699205444
0.1486112487619591
0.08367053448929071
0.1827216925665963
0.12789159781410053
0.15130943647818684
0.1569333823556574
0.14460011409970272
0.08907990755085127
0.14749952554499804
0.11985401007541582
0.13707839143462477
0.1590962832940937
0.12241330733042338
0.14122416836358487
0.09778426220826149
0.11972646867303569
0.13231096852378887
0.12408993007624969
0.099876305148892
0.11592710757361044
0.14795951319755438
0.11872298330801995
0.11026376244517533
0.13242202039039846
0.11677870861966232
0.1283988769749867
0.10956081348507735
0.12633069290693003
0.15107580427215161
0.17218622238959172
0.09302398285209552
0.14089480145515781
0.11753562331552293
0.1357413406886799
0.13242555947630438
0.11590335089251211
0.15466629346205918
0.15279709444637762
0.13691233919328683
0.1023118727390819
0.10238826912467236
0.10583674135650882
0.1453487984584911
0.042577526588696714
0.12285485167526836
0.12735587605244283
0.10147297006877008
0.12659718528836664
0.16464675948345076
0.13748173518913714
0.1811623028037225
0.12004958942913616
0.12355217812444547
0.16293428616934877
0.07086979447977812
0.17765393167184704
0.15691047857774887
0.12407032754917359
0.11438978521304671
0.13078462215110243
0.12431503133090539
0.11346593010001087
0.1446507743741172
0.10657405025365659
0.1218774732916189
0.11074822593132738
0.16870392879863455
0.1562265401026338
0.10658473749860975
0.12851145128714483
0.11776198462191591
0.12786522258358723
0.1371993254406084
0.13413220695257955
0.10180447381445755
0.10969308592107832
0.1428143026350514
0.14858818003435795
0.11074815630210914
0.13168293277901336
0.09601157006472641
0.1388312396782577
0.10115289440063387
0.10721962779039418
0.11457666100361792
0.15564677595188844
0.12313271501662901
0.14591583160125576
0.11369295683076304
0.09292402012397616
0.14180012989912696
0.1031290302322785
0.10932900491316142
0.152854904699499
0.14317563129587735
0.13730935643067832
0.14148716839463085
0.16223150164446093
0.17851835526508342
0.12672115469807485
0.16286816517215946
0.07714406139709319
0.16241277175389823
0.15301301099642314
0.1381732035426396
0.09457210069537933
0.15312095224715666
0.14211364253360592
0.14434862452104458
0.15285027316887795
0.09205818407655515
0.1596264179399727
0.16733889735405708
0.13330513565175123
0.1010257243227069
0.13082650231842416
0.13737412905554464
0.1430988386405905
0.13480882434121616
0.16760299542341972
0.15152652487797513
0.13962686850376935
0.12626648064002438
0.16029353497817742
0.14296668454847783
0.14493830820198222
0.13208736476610075
0.09955277157722436
0.13124213822524233
0.08666440719830829
0.13096131128242747
0.15197090993801213
0.12565688921451507
0.15597907204855338
0.12687304546454906
0.1244796683989297
0.12225540339376627
0.10896804955166234
0.1519241072119793
0.09143730512791524
0.13740989675137935
0.1018467414374748
0.11757846469601234
0.13010256376082638
0.1214951794196075
0.11514426726246361
0.08850366753151101
0.15617250604421104
0.16658801892085037
0.16584985316619894
0.1845501044381062
0.10952606492316798
0.14768899572767255
0.09895893018025542
0.19985335191926296
0.1439664104337586
0.12380235260694201
0.08391398905614005
0.10260821373176747
0.13899866408964315
0.09870364727868686
0.13831316183660625
0.14212046809669437
0.12495656725450975
0.1184690846913022
0.13856537137668684
0.13594354925532595
0.14704863287654246
0.15309841371484528
0.15885091142840144
0.16610769061604902
0.07504896292545832
0.1356147183079388
0.1950138339520344
0.14186365374249912
0.07746531159843908
0.15259756646807718
0.09716643490949199
0.13012980364936133
0.1386528843253493
0.17000835047135507
0.13745908447554991
0.17855068591567336
0.15485594119746826
0.15782376522003472
0.12347163429675533
0.12362650798136582
0.14393754138079387
0.14837674348888868
0.09956577365288403
0.17399980097628623
0.1203929093467355
0.11448796206310127
0.17332676095743568
0.16088466783619335
0.12051833754677793
0.16815328532866924
0.14365755046026843
0.15792645814987522
0.1778030659672059
0.0986898782492529
0.1194186390441802
0.13418956356189612
0.1543989658031271
0.14702637370215116
0.1314961350634489
0.14165790156848565
0.139306637969478
0.12633175622274442
0.13929966237009578
0.09413696062630678
0.07210030136259393
0.10466834028476509
0.1259541327662578
0.1707854749901318
0.11332772381577136
0.1630209000539567
0.06482218799422299
0.1101950364860297
0.11051605977213425
0.14045962517220834
0.11664634275779101
0.17235406808650272
0.16100870532799094
0.14911222700271604
0.1254527284263319
0.16279410187794277
0.0716305688910129
0.09683559769356674
0.14573686864769464
0.13963636477660382
0.1250204465865008
0.14956089847480128
0.12968163458550347
0.1623021292439749
0.13418706345390463
0.0862632960393232
0.1706000139530092
0.1500949657562585
0.1589647042516209
0.1383482133589001
0.12994879299392756
0.15668252326011967
0.12263991081305357
0.10689948122642795
0.11365139803428327
0.1519418167628259
0.14673354015554538
0.10758747480514319
0.14792184157620328
0.1068364399306984
0.13114393232848368
0.1462175281737594
0.16596346462348435
0.13831029342647622
0.11667333854770526
0.1134002101522721
0.11609575345400587
0.11637386696922239
0.08747484665826268
0.1325996040709749
0.13375123005248546
0.10979541098699079
0.15117675914302303
0.1352279144449986
0.1545230497564852
0.13226478340859774
0.13309606251790862
0.151603548237425
0.1236384213385186
0.13917786267491722
0.14449585941899237
0.14507380784835686
0.1664213001319309
0.13517740614018375
0.13850308811751103
0.12936819391928206
0.09847349178558304
0.16121779567814098
0.12375360640481928
0.09898245763778388
0.1254839962700713
0.11784645608221203
0.17487634229097054
0.13456432661280338
0.16941375319448831
0.11647773483740624
0.16317179927109776
0.09739750263839275
0.13513936163350249
0.09177076722938805
0.10786544448727486
0.12292612934061045
0.1033032079120404
0.12997180636646113
0.11550377265357678
0.1339733161438747
0.07067774125555885
0.15079015723337788
0.17877190381255786
0.17264881071800142
0.14095749699057708
0.1841340493650095
0.12449522695462321
0.13996962790122924
0.14331766153679912
0.14224374312889063
0.09640650755421785
0.14971940142172713
0.1119684627429932
0.12525882573432545
0.12710577561767758
0.15929572126274938
0.15263508584573382
0.15809373097461404
0.12111518621506037
0.11254315222307665
0.13634680718493805
0.12076248316317192
0.12730607427712523
0.12820462075707578
0.18700653714950646
0.10494597936891442
0.08666978505061435
0.1377169859964587
0.11973135085067022
0.1285721218887056
0.12883154512300374
0.1539280618384305
0.1450925923754072
0.10036645809174596
0.1362393805556694
0.11573649857171896
0.11539893096061386
0.1335946484387897
0.14138474775867602
0.1390431272554362
0.1616841757665358
0.1352990831311306
0.1562266469096073
0.1592078083623806
0.1390261463151869
0.14567123454732217
0.10710774374997044
0.0909080106297034
0.14756366250197803
0.12227028860550333
0.08288692608807838
0.1438748756466314
0.13251174296153054
0.1282770745455787
0.15640028428496314
0.12075307771353053
0.09099932461418618
0.12250369248182688
0.11466427255808098
0.1356315098784421
0.12532237215034087
0.13143411255717888
0.13737384748271106
0.12011468658932026
0.13026141252943912
0.17782883517720924
0.15224577395309932
0.15562934808165566
0.13152634155352888
0.11863600839687126
0.09503246904212473
0.19415224245582524
0.13309868880892212
0.12302541972394491
0.14159311061908694
0.11446501808293028
0.08536551748596155
0.12847208919303135
0.11761945694332233
0.12242306935950382
0.1713015724104989
0.14708860380793712
0.11908515041480826
0.15967178687539765
0.10983322996646055
0.12697384221217128
0.12280709018335882
0.177519432821125
0.10654521311030028
0.04401796417863408
0.10728008818826125
0.14338027844525456
0.148799371946502
0.15882982102761672
0.13456898434439088
0.10376351499275939
0.12801466504457432
0.1400555957275395
0.1816188716221211
0.15029968653444034
0.16687974038719194
0.08811496387379032
0.17548558733808775
0.1256232324094838
0.11490537803994261
0.1546388515171547
0.09841728944766252
0.13585564184731744
0.14353790058811744
0.07217649614979481
0.15583948731639494
0.12824018329154518
0.1419461250618863
0.13918656929710543
0.15147893404139337
0.06246461749794992
0.12717217086902605
0.1271629279250085
0.09558330726704092
0.11671474695848497
0.08858442560668868
0.15133804643283147
0.10282883023372294
0.1262108202673337
0.0853945125422532
0.1650381407320132
0.1351074449691836
0.08871113171545048
0.16783765152288346
0.14851939043089213
0.10134277226467286
0.13312294654567458
0.09051624554813059
0.14148305596606325
0.12263974909217787
0.11457566576478348
0.15973621780769107
0.1045955100335252
0.09335425158294272
0.10337252459383252
0.10534655412290701
0.12302566652804726
0.16735497518768394
0.1046309729489092
0.11059784247293272
0.0930128759608694
0.09429948373561742
0.12194961759625426
0.17601616089929092
0.15956941308567354
0.11383461357984581
0.17198847168134165
0.18791207848535493
0.0987843770637915
0.12031059576154762
0.13278102771300485
0.14359992161688656
0.17526727135420625
0.13786112613490387
0.12249051253293572
0.1439121349511438
0.11762202797398343
0.10181385394721719
0.12032913546630629
0.14478634212786196
0.1257976037225048
0.14870230963586772
0.1215342260829925
0.156661613684423
0.10071456719457801
0.11367744913079326
0.15585796836210003
0.15450169854962842
0.09009774217906426
0.10316542188787961
0.12943009167919553
0.1456122635615327
0.16684160693711905
0.09460362449613358
0.1438468947752504
0.14341980700102003
0.17212112775162938
0.14992161207965868
0.12383637556358296
0.1147076846750494
0.15256113594583312
0.1307386659592028
0.10610023328336222
0.12314615676940228
0.1375167658331804
0.10748830733511663
0.15707240266244424
0.12361480620153206
0.12661298241740843
0.07446845749102904
0.13820895089427335
0.15499889814977857
0.08690963773049025
0.137065645900803
0.13144971490319157
0.15052844219618972
0.13189472180817446
0.14202893025908372
0.14900695362602612
0.1277746483804505
0.17175968857926074
0.15229130692274173
0.14845041940148257
0.1344798638044724
0.1511735476391056
0.12061409019566155
0.10679073217537284
0.134735193127308
0.11683148462793239
0.11040376351791545
0.10976362930519569
0.14258881005944
0.1610435809805431
0.1510248667986672
0.1311995816750469
0.15341908805618468
0.12084121577613059
0.15820615126571544
0.1925653234048843
0.14349882683382295
0.1497782292120337
0.08379065664789861
0.11047323279005393
0.15425675079347956
0.13960946736245466
0.1192487029151037
0.12382690194099513
0.11532845636508642
0.10845984528468344
0.09316327811003627
0.09947208701438731
0.11592769933001112
0.16286831373600358
0.13725852644428999
0.11142473579372493
0.13067471525911697
0.15646154956612982
0.14886700984309986
0.15820821873361732
0.0924774070938135
0.15410283982965042
0.14086199274496342
0.14475159838872467
0.08591055144558922
0.1017683135081907
0.1357774402359392
0.11017838518344036
0.14138797938267056
0.10076917863443062
0.14637346973746118
0.13750934699568249
0.14943070179810147
0.1277293637259553
0.11038086558379011
0.08868062768223967
0.144842437053632
0.15119205190739343
0.15177837553014922
0.07244599603060758
0.12460859879605407
0.1432280488138278
0.1021958925831047
0.1374567502332912
0.14598807905311115
0.12636773350925423
0.13615767083448985
0.14424367203544405
0.11551535660084489
0.14751884862176914
0.1458616519430851
0.09450312452967495
0.17282748972462628
0.16335045458537203
0.16192479965806592
0.1945984452678081
0.1435244084096438
0.13849225443361302
0.13482822747869147
0.07703706622360473
0.17710175899988823
0.12711751985530467
0.1478007198174189
0.15326600975349858
0.14592884589463387
0.11803776498072412
0.1813487798320555
0.09867025112504568
0.12022549011874181
0.15880709989514522
0.14252815829074678
0.11144459971451914
0.12605226575188766
0.14053999590411495
0.0864438114541184
0.10244953678477595
0.14024458648656477
0.09143075508373821
0.15345217826420843
0.11454367156378689
0.10280933734684772
0.10582153380687555
0.1223521860844855
0.11682748017308009
0.11760303759851809
0.07520169948332599
0.10292726877503436
0.12165313117143146
0.13263016520782075
0.17797641961340732
0.13192702018190813
0.14924382593939484
0.13394888769132454
0.11633431209134186
0.17152155502088504
0.12658056597728592
0.1090453769187668
0.17343260672444946
0.16517063822526865
0.12647789770191337
0.13695595726078957
0.14021516028848216
0.1398770005252217
0.10613897847904771
0.10595532886197118
0.1354339841886272
0.17904974515076347
0.10959812437248052
0.13588919330039123
0.10052930377227669
0.1399957783237405
0.16951148982631753
0.11440452615148519
0.11452341467054386
0.11591829241763082
0.1110115639911797
0.15989403800631088
0.12376628144170522
0.14056071042439564
0.1220203265913204
0.14215436056745043
0.10263277412236044
0.10735587999786914
0.15736879567094442
0.1460580051206809
0.14283365238287304
0.11458925988703172
0.14151944754741846
0.12553873885038827
0.11004044403985101
0.1299031033269093
0.13226161684656348
0.14326887209607445
0.15911327363630956
0.14519606519368905
0.137452438206407
0.12620246932156223
0.122284002362262
0.1465164468759954
0.19208112252886234
0.11452589240867708
0.13982296165085215
0.1464408906828634
0.1318535787272546
0.15095069047616227
0.10353696160949832
0.17950152894263532
0.14687335510598845
0.14449493570755287
0.07178346742462569
0.08028769170565765
0.11726277302386687
0.13469067508793103
0.09001068553650818
0.1672699114574011
0.13006573340364788
0.19167014812062114
0.13863495026027733
0.10095392533488454
0.0906100203297423
0.16398706661172419
0.13333961266969588
0.11665288065405195
0.11715109687386664
0.13692159039111568
0.1375869087338397
0.13464480546541177
0.11684579036913875
0.14389011707563493
0.13239921300383817
0.11796610326656341
0.14590593257151063
0.10449848827657285
0.10828049585514543
0.10220851196663758
0.15562296466160006
0.13537376380426538
0.1132879040769584
0.12072885740628955
0.17091494870634888
0.13415033851739358
0.13804430033901052
0.13202769835519462
0.10114101413231841
0.12481083100080824
0.11069547854846958
0.16089261117872553
0.07118579811485407
0.13858001885405768
0.08635480310863482
0.16085123471344492
0.11946165250640227
0.1220853012725454
0.19992356958567642
0.1147939031125739
0.1709371816999555
0.15240821224695383
0.09938572640284705
0.13935905660505352
0.14534629207441602
0.1615450624303819
0.10894995199923939
0.16824666048309292
0.15374644180623057
0.15589612985530982
0.12670356399111257
0.14808026719337236
0.1641877760090704
0.09381302518074139
0.1248082035835024
0.101846085217844
0.12234806700301415
0.15986569823067365
0.11072484796290138
0.1279355325921708
0.13922713265461326
0.16025356886903563
0.13757516120266072
0.11533388502083947
0.13619493207393762
0.14227548587220215
0.10705014404709368
0.10000019137925999
0.12268222628778289
0.12406478838405567
0.0903509537456793
0.11598220871772967
0.13935678079314287
0.1692747415113433
0.12441959258189252
0.11733648061621678
0.12200877832058704
0.14683299602216837
0.11708581265133988
0.1689798394609926
0.12574603158282574
0.11419330198662145
0.1419772777348485
0.11455363559203476
0.1299646893599787
0.1328977540677446
0.13387557741802816
0.13707724806531876
0.10672358129273067
0.15743017928732675
0.14104836645386198
0.15723445888088383
0.12738454578367284
0.10869628059811888
0.1652729156170985
0.12778242900273035
0.11622789809525359
0.11291149040591213
0.12564916123260902
0.13368789723322033
0.17820187146985977
0.19530068884561932
0.10994881904260875
0.10772958488598235
0.16975597853714583
0.11873242762849523
0.11105401655286322
0.15711214621698663
0.12541538257165893
0.15078769504750145
0.13497318138602188
0.08572497205407145
0.14068063196894848
0.16002934047183293
0.13259173178970435
0.09567695958370602
0.12747479054269184
0.13455499405332008
0.13951293230007833
0.11824961823708056
0.0869840573973939
0.16602522010140003
0.08012223420440501
0.11107503858983833
0.11521059628829855
0.11667223768397887
0.16432312160714396
0.11449235550162465
0.138790022594848
0.06443229763120063
0.11319003898458159
0.09054189249688999
0.09687947279614151
0.1745075418628387
0.1358640111220902
0.09437704014580243
0.11349158696458383
0.12515162461357515
0.14159016355944834
0.13143637298665056
0.11434548254238985
0.1370551054673843
0.15392680653479726
0.17232125562379583
0.1580699787446301
0.1504668817044618
0.1285369985077463
0.10438902269427966
0.11309205649483597
0.1381317190761775
0.1050967499435411
0.17169840677373305
0.13895872306774298
0.13314065754363502
0.13689290181327843
0.11825172801574516
0.13375923090824987
0.12059259799968354
0.13042541769523625
0.10870144792725828
0.1228256900946943
0.14127547699546358
0.10751332328347543
0.1566224954104329
0.08028489341455204
0.13823147454212528
0.14018532759065702
0.1172593669077992
0.11367762455766102
0.13475034307919317
0.1337173956152672
0.1266568985113788
0.1399010239578218
0.1280502319668177
0.11431337875743303
0.1339500457972971
0.14887727625234404
0.1535592514967402
0.10683749305216786
0.1325566424557359
0.1583464918845065
0.1354656337509493
0.11958064812422829
0.15345979663886783
0.15597622006997477
0.15189118978487792
0.09136260908846429
0.1496323584007834
0.1489153572297137
0.0903674776244533
0.1302257638699526
0.1585766710066917
0.12189795497980664
0.07954137408462929
0.07544728836440098
0.14096214318921196
0.1355091561767111
0.14199793522126533
0.12465948114467551
0.09297825470583307
0.09916941467410027
0.10470851023638991
0.14948523990340545
0.11156799019783656
0.15498000309258797
0.14710831206157454
0.10528146784261211
0.1153404928034421
0.15558890683373608
0.19616652395006037
0.14189739481071176
0.10910329318940369
0.185313198273284
0.16312778648456946
0.17501630584282923
0.14857593331766225
0.16568711419218718
0.11736606004709378
0.1218984339236039
0.1235418024878374
0.18410881043456087
0.11385696995048893
0.12582830961892183
0.15313173709676153
0.10906119741557123
0.13526613004463042
0.1592206049125052
0.15125347061303282
0.14116971740853237
0.11010145032794086
0.13098166915495857
0.16974690115931362
0.1390979430634119
0.11515355011341105
0.12704064671950743
0.15116589119466237
0.11996640698634566
0.20028217771814377
0.1293567530178921
0.13562640956406952
0.14345358902785332
0.11622468719455464
0.14633208119816551
0.14758686961707143
0.1572633721168762
0.10832733053283217
0.17939350538479004
0.08426720231616562
0.15863011995068152
0.09779355180930899
0.143877377599691
0.13165195843173952
0.13151661082828828
0.16860657478830884
0.13344505170695514
0.16742057024042845
0.16078544626688737
0.171629392252331
0.10839546928365094
0.1268966973965793
0.1708265456254155
0.1098632984143944
0.19979631564946718
0.12131387073756199
0.14123232543852257
0.174747956246114
0.14835948619799932
0.13794699618100123
0.12554084471958338
0.14635604033074526
0.12763885318062929
0.1087194623089293
0.1328901818657972
0.15805413704134091
0.1366763390129102
0.10380527545100941
0.14052468978780625
0.1557011930483153
0.1569169756464993
0.14389595514960216
0.13132675149130735
0.12885916979492726
0.13573762577442727
0.11725848194965836
0.1430338981134015
0.12402785304557562
0.16209831105629774
0.13628292774550047
0.15485482319006486
0.08786714245365303
0.10253586906086555
0.13872707393123507
0.09735078109470917
0.08444406996067161
0.11083367571014568
0.12477740137594782
0.18105630573330925
0.1782551567289806
0.103275507468131
0.10929110159201665
0.09118899770553675
0.14947366469199957
0.09965265040091661
0.11323058248000216
0.09964798933695102
0.15403025260897796
0.11481824830484072
0.09132065553715141
0.12836415798459988
0.09836384631879007
0.18051796221729172
0.11467144060952351
0.1260166885723046
0.16121049686499558
0.0923467425341058
0.1272635055362496
0.11469046244240927
0.10720988775360228
0.1679680263761792
0.1126216341353168
0.13888528998093042
0.1444198184785936
0.1590725214000017
0.13627388093192555
0.14917230499302175
0.10144285798403598
0.097463795993647
0.10445045949234624
0.1447291663175882
0.12139681249850127
0.15846946062097267
0.14929549936259326
0.17039644169658635
0.1302599632299325
0.13724832740979967
0.15284058445667628
0.1302201188452113
0.0945125078964196
0.11078528871226163
0.13593187840083468
0.12136989734762811
0.1568238207575085
0.14319692771411685
0.12288077371380113
0.11742243503100107
0.1603169668265877
0.1256490863707793
0.1143829739681315
0.13311971658707372
0.1657141009269213
0.11961582710298725
0.13553023050662502
0.09305519233210963
0.08512227425458795
0.11987623450100823
0.13594524047050002
0.14399503427857047
0.12237904706533254
0.15965112638004764
0.1234622122257611
0.1308714656195774
0.1404251196205294
0.13336980062050752
0.13540258956673587
0.14892232183451054
0.10159413708756039
0.11992372355506856
0.14552779621641823
0.13016167242619814
0.1420306206315318
0.20989818069054686
0.1382225410795951
0.16614624914686282
0.16776440588767802
0.1455928522963968
0.15243804446320436
0.11483622115201667
0.15037907104991355
0.11813269212406456
0.08625208732745034
0.09032739208191147
0.10152668243308606
0.14083397701528252
0.15919199156816818
0.13489802777892795
0.12861073979997
0.16425171452570442
0.13822540459533042
0.09748125539194999
0.13818983902803603
0.15622558088343644
0.14550598254727148
0.15760787421020345
0.12582892483838595
0.11300318131950804
0.14758914749437704
0.1832189164622038
0.09855129170332973
0.08475695713041696
0.13391990185930136
0.14736134316676186
0.11589766436057491
0.13057975598708615
0.1712721066003012
0.09698505634098044
0.12464506855134468
0.08434609752668874
0.13534231729875265
0.1306809437592851
0.11508521450916012
0.12921886618923134
0.12712867304608405
0.14263188833304807
0.10619567808262367
0.1237259147974789
0.0985053971960823
0.1621561947570397
0.10909433175785589
0.0994880438087575
0.07097530271302173
0.09232100428995986
0.12714405033312584
0.09819293072880306
0.12983058698109712
0.16276937537627134
0.13743270439426256
0.08640171676948318
0.15677515236035303
0.1481693114437585
0.12487262020745825
0.14200059125411954
0.15325486200899865
0.16468432952848047
0.12355802549974473
0.16545635779740941
0.13011036186164662
0.11226271474930695
0.12337321579751055
0.14373471843692637
0.1470486835957389
0.13922879490219592
0.10511870906019866
0.15401535401506775
0.13704868400745265
0.15214494436856452
0.14264534196444356
0.13456661435814996
0.14083285450368857
0.11619461099507966
0.13547530708619707
0.12064476848872842
0.1210913970839396
0.1875821300917096
0.08182623605634023
0.12998925171448353
0.14142276448628757
0.12683770003573822
0.16697874154248857
0.1550861660770677
0.11441207500622276
0.13329990499770086
0.13088488179999935
0.13447225747256597
0.10139037941669463
0.2080601394141688
0.09317794558164293
0.16769123172795097
0.13140589474804645
0.1511518658595856
0.08868958627349774
0.16747766265835062
0.16921512115734053
0.09972544383734099
0.16927844094870761
0.09807738726679387
0.11858676961897734
0.14804565514375653
0.13608970721213956
0.12812418400698586
0.1487058947204615
0.1358533243992444
0.12944427747111173
0.17717053027537275
0.08956468293154046
0.16577363023136185
0.1260024526147018
0.09071875935590089
0.14048498998362466
0.1152946657346323
0.11516231076592841
0.14813231341982774
0.12213660680684427
0.16604755417501918
0.07293537777816796
0.14748898577646988
0.11848407396001781
0.1383324363460927
0.1455853072761438
0.15659996525243727
0.1504386172019448
0.13967498871460124
0.15114017910624322
0.14466672063512287
0.13378964450126005
0.14509373811542645
0.14003129971137687
0.1072552994476109
0.10547804573113723
0.12340807304874098
0.14045754111146336
0.12559284010737073
0.13641527820665
0.13288024231755766
0.1403556921341245
0.11015081791448035
0.14096921658335326
0.13192344807345618
0.17181559561793322
0.1000453598184644
0.16843645117206718
0.13259962003176246
0.18309003767160983
0.1340960845759771
0.14862381465338179
0.13875280363129788
0.11321259515899046
0.18673132432338385
0.1688863636880271
0.12900238144608261
0.11086173125349995
0.08045012036961494
0.13331808441959003
0.09726320439581164
0.16152076700613152
0.1823673605326779
0.13747474503352305
0.13164662052745219
0.12239325753212946
0.08870834885917468
0.17705865045712452
0.13582256669457035
0.08391939225775165
0.12194662426475206
0.11829370049282407
0.2068395071730902
0.0995202895947044
0.14409552785286647
0.12731420450908384
0.11831750726229563
0.1672513973284765
0.13394841121113263
0.15366485246033465
0.14246163372453058
0.16469970056016764
0.12558027792393114
0.1371684813429844
0.11730567078795487
0.12600768642108845
0.1512400914364957
0.13174870435902855
0.1523658263952647
0.0930633113564746
0.11583882268751847
0.15060853676992475
0.09820687066929046
0.17691412292739367
0.10207859152928322
0.14423355729531578
0.13799320869014078
0.16615895354346946
0.1611288853056334
0.08803598424114131
0.11061578678890932
0.14306947766155861
0.08825842328913105
0.12538900802856315
0.08034090510153093
0.12307670506707978
0.1435951160488198
0.08823554190719385
0.12165058412792609
0.1677523201462573
0.14567212954993566
0.13620624003753581
0.11029695455045364
0.1438487393423085
0.07619181034767632
0.1619470719879897
0.1319063249478957
0.12401394323978293
0.1271856126701387
0.127098299930762
0.14483686214048447
0.1503057102317267
0.13367980511218122
0.08791785301635935
0.14757842947219163
0.07647041128267688
0.11087018664945823
0.12797449799791166
0.15733774921167415
0.17191938082820604
0.16746009610743084
0.14427789327386054
0.13467804903147304
0.133926419078367
0.14499812622244992
0.12199080575716736
0.11937840410744324
0.17653365762634637
0.11344635649538003
0.14097091445175844
0.13389640224409471
0.13116176365395857
0.12055297666510084
0.1455655898814112
0.11217371639229302
0.1377916391435337
0.11795920673583803
0.1222629524762579
0.11840963175106814
0.20041199763975948
0.13522822553606179
0.09719316718967537
0.12964797527168487
0.16275617191351877
0.16801181950612137
0.13911614806719583
0.1316186796904154
0.11023361116373631
0.16340498341357396
0.1426385278638452
0.12047122809777941
0.1458382030223203
0.1370501516731726
0.1227920151398151
0.17561294427426438
0.1302230217555625
0.15030678674215397
0.1561351032356022
0.14762069471858638
0.1577110676125319
0.11157034851175797
0.07601668725277473
0.15062844974068737
0.09598085865029624
0.13117104490040898
0.1282129936350639
0.08064188872442994
0.15621039508751042
0.12600629593444052
0.144180791259587
0.15239629426559162
0.09196889667834049
0.1476117609619948
0.14484167341431592
0.13416682199269633
0.13147534620163642
0.10630022262611828
0.1620530856268333
0.1027150627557851
0.12070759594993871
0.10337158249887143
0.18046774856591583
0.09720466140959327
0.08772841883305306
0.1581404606248398
0.08447146178022814
0.09736960142229184
0.15358599488937327
0.11680376008848577
0.13454051011365892
0.16157914345208899
0.10892449852915781
0.1461878758908993
0.10037916350374965
0.17488573664283824
0.125712360416143
0.12496324185713975
0.12439845753729602
0.10925229732506476
0.16400330802984317
0.17868101385130644
0.12265184343080116
0.12989364780685927
0.13370091649649193
0.15955361904299825
0.121066979912994
0.15319126274184053
0.15458039044615948
0.1151106275990442
0.1410826522457742
0.08523730985126085
0.14348804693898962
0.10959326096086375
0.145765569583356
0.13617220661977322
0.11285570943705267
0.15933745111272604
0.11922161107048004
0.11898593605098125
0.11438114360025138
0.1320213179588113
0.14282154188426724
0.18392119331261722
0.15511331313436685
0.13748364472903818
0.10729030156603699
0.13533291922576676
0.0864226369110236
0.1645710185622118
0.15328233822080609
0.13251143451894054
0.13401794104956608
0.15371299701194208
0.11316482970807264
0.10699046526054719
0.1301916194257543
0.13986688759145005
0.15056158834587277
0.15955209365178297
0.19094013128245257
0.11857941856758014
0.144966179163213
0.14544322435941623
0.11684399238264552
0.142269479757904
0.13775085999564007
0.1251521313878088
0.13913665899689157
0.15833397766199242
0.07611133861408076
0.13078763917082548
0.14641605108546224
0.10754460320272398
0.14697624872861856
0.13081322348190033
0.13061105676003965
0.12495020946322535
0.15088998666963327
0.083920799811827
0.07280132794622003
0.13689389932311335
0.10048544825216256
0.13813563979702104
0.13510424270048116
0.1303228896402096
0.12024563664860892
0.11176110672381126
0.11331951641114445
0.11831126757402893
0.16184242383020458
0.1608123237572212
0.14623123919753528
0.1265526219640113
0.12533493943703433
0.1429922581117886
0.1526428034409761
0.10139541963578343
0.12475920716601609
0.16373279083959333
0.09259424101105863
0.14634759395716154
0.10560065193566036
0.134807653205648
0.13848747002678674
0.11500963223667998
0.18387986258756228
0.10068523018260551
0.16514372455384055
0.11504948408931216
0.09599162166719086
0.08374126550086092
0.12307536798654758
0.06514454463956706
0.12808257495073733
0.11616769873132061
0.1237545407520463
0.12247382661764247
0.11120545775520661
0.17723153912607634
0.17495315590917151
0.12261576982118759
0.1567236341912454
0.14374128385673907
0.1721181450428925
0.09058194030882884
0.13421541087253883
0.15798286553222374
0.13158292237525862
0.16101172171675535
0.17170773435397152
0.1592097667616337
0.12936942785473174
0.1489806049280288
0.11017184924296348
0.14131910483871368
0.11870911820073457
0.13898318508252447
0.1259245230079319
0.10391551406679929
0.11351090900194988
0.15211283114353805
0.1056645799858174
0.11617162748959337
0.13641882254370685
0.15142985646173293
0.12182299101503095
0.1510801742847509
0.11737382712073494
0.12190719302262433
0.10533662038678457
0.19236792287682253
0.13362100719833955
0.14274670358761718
0.09145934900421891
0.13844920447115697
0.14163671374546627
0.15060366764931438
0.09550458693307576
0.11770250924103684
0.12025007611828624
0.1483683602509182
0.14420328443110414
0.14852267084723603
0.176443994099629
0.15059547963924763
0.14333396426321202
0.14267817157270285
0.10707463547155213
0.10086413295938601
0.1150367689164668
0.14914743237866016
0.11938967030461682
0.14409296418886416
0.15576538695868122
0.12425817726023253
0.12752858126928754
0.14533454741366933
0.12231032369874581
0.10927821176343949
0.14407277564900733
0.059668547193690094
0.1412879539315666
0.10899977639439484
0.1224309570132691
0.14865379468373993
0.15081164180414455
0.14155099629322962
0.11877286024744169
0.16408617760506083
0.14125075848592109
0.16159177003504324
0.15373618982717063
0.11635211396046125
0.10601463725120691
0.12035365475674183
0.15660163167470334
0.12310014541605688
0.1207362848151663
0.14311273622876858
0.12547391619597223
0.11074311042527636
0.10253544561706283
0.09855685137298441
0.16453995603909788
0.1282227440302331
0.13187352468350358
0.10289253935372075
0.12703202069155592
0.09718527407111044
0.11525108497931902
0.10317173125269058
0.14336268876005584
0.1321675724722388
0.14736443091309445
0.11775696042177135
0.08275286312303148
0.11590387098454963
0.16474538898116042
0.16429135831538877
0.11407691000312391
0.1008726327250732
0.10766079230598002
0.15742435058522672
0.1072064188725725
0.11183203194350333
0.15968209890784693
0.16912124303239554
0.11595851346440032
0.131817162745693
0.17464746654303037
0.11251566280113702
0.16654734068030053
0.11336805702155399
0.14744207447757116
0.08232812861516609
0.15643162581261383
0.13921287419998035
0.17215148946065179
0.09990201882397837
0.10254272909272902
0.1684407958994988
0.12434470457760116
0.16840195228697133
0.12634828241033366
0.14925001238153396
0.1173306700467415
0.12549561502634712
0.12526677851454696
0.13470528399574339
0.0612970712853495
0.07939664779515622
0.15906945466391137
0.11020911640412456
0.10779174320574529
0.15810535298251238
0.13999793590184098
0.15590648309467164
0.11823220780509865
0.1346842704158736
0.10881281181377946
0.10612319461240004
0.1022331209001959
0.15600410306187618
0.121557449162895
0.15466850170870636
0.163266693876336
0.10357895552036987
0.13262026216927195
0.11652378602762088
0.13588906259849387
0.10443883648908776
0.07284390186538753
0.14428495500192956
0.09032117113611729
0.08837177925158897
0.13003108991507836
0.11358879130405197
0.10891244620640661
0.13695699251230864
0.14159356618021868
0.143317031242658
0.15328413329582613
0.1394001562128107
0.11603190275725003
0.14881454088799295
0.10380418696830324
0.13385941515747848
0.17000901966422544
0.13205772569654387
0.11111613777364052
0.11047350116093892
0.10100821838700434
0.12384834320346338
0.13343474496550675
0.11525486545076258
0.1484891211586242
0.12162025977364407
0.13980380351511132
0.09837265189306739
0.1658967271208091
0.15691755170821192
0.18662002476146666
0.08845715730718046
0.07655395225073151
0.10327953505316277
0.1261853396613504
0.17265680887882146
0.09438123225768794
0.13675430184809478
0.10962716474464815
0.17734646862348089
0.13493843551900875
0.13929357291757788
0.13983886285404368
0.17657932219307876
0.1143468338970013
0.12182692299796953
0.1152355689686503
0.15449156894633195
0.10943086311729112
0.17855597998138434
0.11677268689104826
0.12460150755998627
0.09927382251154268
0.11996728841835198
0.1449334112507462
0.12778141275906543
0.16868337408206072
0.15260585014431072
0.12069487786937223
0.11488149584139386
0.15770847425387693
0.1465377099259572
0.12490377810642153
0.12777855324337295
0.10510488288484539
0.12488221678592691
0.13267936479359987
0.16987506635100744
0.1381117714601033
0.09512610385602288
0.13490314162732972
0.10229058525106953
0.16191714339513155
0.12736231000201267
0.15308100109308778
0.10348317814989715
0.11569606722030232
0.1547849383754924
0.11677185233847173
0.10618635072129522
0.14670607009759398
0.1306748925838756
0.1279355325084458
0.1127221670440426
0.1712622946466959
0.13508811761130693
0.11757914948633352
0.11912105453238789
0.09978308341970155
0.1254079239623083
0.11981211478406302
0.16167769996095124
0.10141149168455423
0.11349846329841912
0.1065815122157238
0.18960120066083005
0.11230606707124903
0.1252575349332832
0.13318150650858038
0.11837063110759467
0.1256441586315828
0.11476152205874372
0.10986438583525948
0.1787149123198835
0.10608070192762525
0.1626496600733087
0.12698495964715878
0.1844270184659992
0.14016038272020412
0.16490217743415045
0.12407201642689983
0.18855944146866108
0.18826775640175167
0.11931880752796335
0.14522107924914293
0.1499189460737204
0.1606671865105436
0.14042617045846148
0.16712684762148117
0.15803356428433898
0.09869168501234019
0.1034609307015295
0.17635251024959744
0.1854059330541844
0.11285714341210919
0.1414068390463472
0.1462905367955914
0.16627443562146385
0.08233076168029922
0.1682957135598747
0.15074634899016598
0.1367100842421449
0.17596441188809753
0.11794197196750432
0.15662294866186463
0.11762530814760586
0.1376053943892084
0.13572927118222922
0.13468575697167695
0.12416987623687649
0.12088089190335022
0.13760445600086033
0.14761789390984534
0.12810222814597194
0.1463632939684976
0.11736273321094189
0.16668715359455616
0.1482157570128245
0.18342906828450545
0.17107957024742718
0.1232658952727601
0.1697388544573188
0.1558042745561422
0.1342485503287514
0.13222680663681988
0.17757055634999563
0.1708608239773424
0.125508399555362
0.15777028632124682
0.13927442207990573
0.15347417769536173
0.14731777547333585
0.13125504625086487
0.08229143559567521
0.10172182730572311
0.16590247129027827
0.12480199552518746
0.1436099002783808
0.13909370817711747
0.11924158218054169
0.12490026419831367
0.1874229373079365
0.13083826080963035
0.1418880011342459
0.15212188694861062
0.13468716581273413
0.12753629148506948
0.1441810905045723
0.187875069669033
0.16099067266762426
0.13141642137113232
0.19177924147070555
0.1334520757294684
0.10686255790418776
0.14309870035179872
0.13861273064059929
0.1035124428860474
0.1098909616231446
0.10696001349847205
0.14775153779215908
0.14466974390217188
0.07366794664529284
0.09079691213004039
0.08226892884654946
0.16454980864188803
0.1006224247655122
0.1265860326203038
0.14556174586278178
0.12401310210131129
0.14277652849180023
0.15569177976221238
0.15801098793415094
0.12676058244690688
0.1491242492530522
0.1520909961922868
0.1536638682857686
0.15023680882567264
0.13045722309237343
0.1732701319281651
0.12271311281253504
0.15032681852662574
0.14758790225619678
0.11607131094006856
0.1321568244038155
0.14630052297537316
0.16688225718729663
0.11515614202348168
0.16838084475330345
0.10578635098603743
0.17461369342053476
0.13467585626542147
0.11551695088162106
0.13518495796648228
0.0981281681837354
0.161071486045166
0.19027657686445454
0.07790623431881025
0.10374479015129985
0.18631078464163736
0.11752032450390647
0.1448480675176454
0.16727232226559993
0.08799572193381991
0.13090957858511829
0.09744310080555833
0.16026803376981064
0.1908304728517263
0.10717350013132483
0.1781575582683322
0.13342260288492858
0.12145499270799213
0.08879231440840558
0.11468160978551527
0.10076641607487431
0.14210710564460816
0.1315892821841156
0.13050083785875163
0.08519958621969234
0.15200041760802332
0.12273112024648661
0.11686666333949368
0.08526644770909965
0.09889503929179037
0.12273058454867744
0.12180227865017591
0.13852724782723097
0.13293978681275437
0.15767827066914838
0.12815695121059706
0.13481227015716485
0.10566286344930753
0.1483445543744324
0.13153019572477523
0.12074844935273184
0.1670220474571443
0.1577814459373891
0.12162539320094105
0.14676108186992606
0.1234209673721359
0.12382657689427091
0.1462704230428317
0.14531555070595634
0.10740781414134741
0.15394258707007646
0.13685508136643929
0.13810360749836134
0.13071076832680412
0.16281672390470703
0.1177585433366306
0.12562260134361689
0.10653240602588415
0.12913339752462255
0.12403851025010536
0.11249090138493893
0.1526870239599301
0.16432317485707829
0.14795270405912708
0.09071022885807305
0.14034061348759785
0.1631127260526964
0.1348996379174688
0.14319694063070743
0.10942589490282731
0.1645015884693984
0.1496916084560408
0.09133883634923068
0.11858682389226341
0.12769771942377195
0.07717586002698168
0.14471251758545184
0.1100676582558325
0.15905749876614772
0.1306510441046758
0.11365531056751393
0.09045641760022205
0.10780968785375658
0.1627506377845219
0.17263488610462105
0.16070577858776394
0.14202273662658088
0.1127188236141144
0.1238516687178659
0.06598034045993807
0.1169712040005302
0.11855664998737099
0.1393999344888737
0.15602501737940708
0.12144557634144225
0.1618640738877602
0.14098374300532848
0.11516618554228529
0.17658699122815666
0.12826407069064713
0.14616093550178602
0.10757543467362543
0.12561331517225735
0.1421987145598183
0.1523486186874895
0.08836768140979258
0.1197097679038156
0.1720333728232273
0.10820099193751774
0.08529047051317647
0.08219902692653608
0.1539763081289827
0.07823619569020628
0.12321564541381766
0.1145802965721299
0.14905337827356535
0.1244171955188437
0.0874786862974588
0.12673278574044503
0.11618149077731348
0.11764844616551874
0.13680349053971874
0.10767576995731645
0.1410198708913169
0.10574177273633026
0.11047279499783598
0.14229154249876821
0.1231646898933409
0.11684805646033994
0.11559310351972725
0.1493304046467164
0.08058359706479525
0.13053661990310586
0.1486534638708916
0.1300896033904934
0.12305583534174275
0.13083682435971575
0.15118048359930772
0.11414022836365718
0.1536265742522658
0.12375753503480551
0.13171297801574883
0.125793168969092
0.0998897204673577
0.09465804990551921
0.11395706774540097
0.18205159032442872
0.09675750063900541
0.16761327358155212
0.11054681862665665
0.11690491792333617
0.1708028322334549
0.14475172274373832
0.1466684014058679
0.1055456401779002
0.1541429025400512
0.1467742780215841
0.16764368256054424
0.09030686996257305
0.1396556671152975
0.13407039964544307
0.14226241171333248
0.13149422456801485
0.1213628699275912
0.15535792735363693
0.10065140973434648
0.10301734452196017
0.122997748579318
0.16307178362429287
0.1436050712874962
0.1719263692841994
0.14944166854228272
0.13297524364130442
0.1709442255427657
0.07041230817912265
0.1074275549880207
0.1059730339186267
0.12149379074514234
0.11462930727452934
0.1332383248336114
0.15793167953909473
0.13254873481106497
0.18404549714111662
0.0931775966839063
0.0969736781098156
0.10286972677711548
0.17193228898218055
0.1155329175958281
0.09284807511430572
0.1250700920159984
0.16899926456772793
0.1114474115714462
0.16465243904305443
0.20854686917098172
0.15547844563831836
0.15229983394297936
0.1255182814781514
0.14205777983047865
0.07548030484402261
0.15418366878941692
0.17476720739423487
0.16980862298395094
0.15736226915332013
0.15112718179113527
0.12491688395210224
0.16193304197739844
0.1617174560290652
0.09117724525989418
0.10059138903706717
0.12300401330793273
0.15071198466208813
0.1487952110813889
0.1414271819771793
0.15020248552835236
0.17195645697751677
0.11268017666402827
0.11252450607843598
0.17892401352819934
0.12920358102274596
0.08799021560176838
0.13449794545975177
0.15216610648853396
0.14401501126415958
0.10912798005126999
0.1101164859975724
0.13659114228125516
0.18219513587446712
0.12117555850658
0.15899040907411915
0.126018793554283
0.17572703031211123
0.16375256526971768
0.13724217944560482
0.12092789186002958
0.115160450611313
0.16756647600165997
0.10247644075237988
0.11498651231893688
0.15608827045795096
0.14043981320940127
0.10139620767832176
0.13183462611221788
0.10051281553507606
0.1532679229869775
0.12105634849213784
0.14593229513585307
0.1426267906966762
0.15715168914898445
0.08454253711488947
0.1121153456040067
0.11210401028656887
0.15241635812355975
0.13066764620707597
0.13562534613946303
0.11273373862149405
0.10983615580853606
0.13612554724843193
0.14069896629964418
0.14760099801828613
0.10151208112726413
0.10834754437465184
0.13392276610660972
0.15789541890848666
0.13891802539535
0.1168894620104245
0.14151449088542342
0.1488082719199773
0.08279500873377693
0.13240067591007998
0.16632802841501507
0.1313630305099524
0.17887097470886928
0.1457410415039928
0.12978496783649676
0.1464972949734183
0.14233468390294862
0.10042448965300142
0.11433198603069139
0.13044788066736682
0.17464268664705224
0.13353179698803053
0.1302544621647712
0.10490565795612883
0.159342733167062
0.11951095339519102
0.14485209649994207
0.1484787490784337
0.1116476847020929
0.08095101565115442
0.12871285993020326
0.17313639933853195
0.15337625143117875
0.1452194505827592
0.16644686897778369
0.14752061601348296
0.12081396095969961
0.10106906365369876
0.12192240993401605
0.14277824645775816
0.14542489975204292
0.12617044139260897
0.14159868555886704
0.12630267633524436
0.08357335448349461
0.14802429691432487
0.1436048261066589
0.09948247274312139
0.11981190945646711
0.15098433574791703
0.17519676069337936
0.08875098610716825
0.09449925987346601
0.16752134529176319
0.0957361969989469
0.13149963664166228
0.13005803929777301
0.10471669978641322
0.14375568389644797
0.09206237541994503
0.07126087183139049
0.10024614570481788
0.08077168206258142
0.1570076441190758
0.13652133645966355
0.09994941039167471
0.16901293669867212
0.10518379200539527
0.12669983125335274
0.11446072566983345
0.16881249768630022
0.15304050664764682
0.16830958802499035
0.11805764574800866
0.18565574100507937
0.10857383311223062
0.09970691866564943
0.10236925722737673
0.12964690909928778
0.18411622742671882
0.15590178491953102
0.12305998640363058
0.18226833565300066
0.18067852190879893
0.13842857787365995
0.16692336759752197
0.14597009458566837
0.19788319864975298
0.12455094934129551
0.1338924419498433
0.15017299865329853
0.13964276283661708
0.1338786246731371
0.10877473713423817
0.11492216528701574
0.1550302848372349
0.18598357384620565
0.14623174298990224
0.15021852522731838
0.13994678076978304
0.1664730343115787
0.12343007131042978
0.1448580425881944
0.14087030646004897
0.11010801615209316
0.11087874193247521
0.16219358720827287
0.15507136672150956
0.12248951633187623
0.11902217513342984
0.1462303405954957
0.10840712357149208
0.150270335656876
0.1639160490540449
0.07664186373630962
0.12807627884420855
0.1406057118356152
0.14918914183943843
0.10452199162992208
0.15523970342063284
0.15196776248918217
0.15283433457299425
0.14970471426128282
0.15740244208411625
0.1573458979283031
0.13892519614809962
0.12046459589934082
0.13195391309126758
0.13765916156338218
0.16605765702031997
0.14324335103041097
0.08111400689484834
0.16336906604203352
0.13765958353766986
0.15099975704983393
0.10964811934254294
0.15324250344007725
0.14928651073434684
0.12921873150885313
0.10957392146245033
0.16298194352128376
0.16612253132407662
0.13685015842975912
0.15185715402527256
0.17886906839273936
0.13965332793673105
0.10732175599980469
0.18642832760698977
0.13889182122061544
0.11297353370321021
0.18986044178732825
0.10288484179888412
0.11070370379567906
0.12489416766520227
0.16823522836197077
0.15183465890272377
0.1575032003588821
0.14377314152610352
0.11357536519796686
0.0931727782375488
0.15161839709927744
0.10571813051132435
0.15778993220912033
0.14644776313110439
0.1390765532829196
0.12446460179320804
0.160016230987137
0.1851448597870207
0.15441213827596517
0.1510593414500667
0.11243313887019205
0.16798183811179726
0.1181435173884981
0.1433839644803886
0.09332503758761596
0.13742359036836058
0.13427947902458703
0.13115298438519768
0.14173452883743237
0.17680959634345525
0.1251252203426084
0.1111019655982727
0.16836244935852399
0.12615530160655372
0.07534702889106418
0.14477899415729084
0.1537881120232888
0.14809028783690473
0.12963955477560202
0.08202695014148222
0.09508814447332284
0.08325173712529563
0.11536342103442399
0.10595534461208593
0.12017774979080667
0.1566919246760902
0.1579899852095708
0.1283360852249739
0.13254507673475246
0.13467810093586147
0.10139981632921528
0.17296434826627247
0.15049595009223501
0.09986391807706299
0.08939467201850604
0.1833339472805915
0.17847757937486328
0.11841160476080918
0.1211054400510605
0.19017736144644404
0.12914792064750613
0.1481558112736397
0.17383994747162865
0.15986625129831103
0.16003593349010234
0.143172167764222
0.1268537065732087
0.12297158296063959
0.09989618839732307
0.11215593760547872
0.10422619772310522
0.11263890985678648
0.15069219884031462
0.10268774316544726
0.11055790827594998
0.11224493620512904
0.1026588292107742
0.11486253873588592
0.1716604819981352
0.06632325913995567
0.14996793024998595
0.0941796100713459
0.12686446760652692
0.10058303383725581
0.11685062807777935
0.11140740263915032
0.13853757761616048
0.10033879915731245
0.1757158201164045
0.11852393639167767
0.09082763212734815
0.1687666625737093
0.11468583962747125
0.13102718976340935
0.10224506428920963
0.108272428823198
0.11199648303727426
0.0825765501730801
0.1350943253919147
0.11753592026310535
0.1493872480050695
0.15293291975835677
0.19082995192468305
0.1092708631130734
0.15674720771567174
0.128868062303368
0.14975740646970878
0.14885897699435008
0.19915382305403853
0.10906664231853103
0.10523856963691729
0.1430674543381802
0.123925785078669
0.09980184073305456
0.09803048944508948
0.13994605236110494
0.15003427255165588
0.1357516511935349
0.18268941494861246
0.11820404529484894
0.1296619961679338
0.13912674201362454
0.14958445502901221
0.10786098993572805
0.19680439794295898
0.13934493033751466
0.10630657292447108
0.10294618512761494
0.13021517124142484
0.15019759437462427
0.10719311283522508
0.08071653587311244
0.13923249235202817
0.1450322289435239
0.12533746200163695
0.18438376273220292
0.11262773064521016
0.12941577062236734
0.16398280296518322
0.12844310594900926
0.11847752634393777
0.15621101231906853
0.08043665691294771
0.10327060836474274
0.08172311655636236
0.08338723469573878
0.1003767634810209
0.14614205113361733
0.16404593763736225
0.09531204948403058
0.09129266595877764
0.13468918267684896
0.15668053827117806
0.15504723270123222
0.12531660577184722
0.14867795361335384
0.158604259519624
0.1135241718555927
0.11333835882111246
0.13501438467687782
0.13975913518074573
0.142369629858263
0.16797701496868936
0.15905871200383004
0.11029208659999754
0.11432810686304418
0.15148905357053685
0.1268171020461109
0.12924433897863497
0.1042005112890971
0.12447108470444465
0.09995870642159785
0.1733086013712784
0.13760660992297957
0.1704887290686104
0.14288468578653538
0.14806248969580346
0.19010137903074342
0.11772059313681922
0.1236752428725049
0.09093056524659635
0.1710034514653198
0.13799875643104706
0.0910850093345973
0.12227693913021574
0.14919642549022344
0.15600446066884513
0.12552089809923075
0.15911304174127863
0.09544384576402706
0.1343291545296793
0.17205123003173237
0.17538543741913715
0.1393534547910435
0.13546263868201994
0.12313830531773143
0.1240873177568189
0.08307989168581224
0.1224408148549929
0.17474996658388883
0.10458272364669477
0.13973156024413189
0.11007781104460872
0.1016832990465313
0.13434512312133187
0.10364536774436175
0.141265418415779
0.1677302928858799
0.13379468606233175
0.09206990839039073
0.12623887774015796
0.1617151645498944
0.10917372094568632
0.1196653172813885
0.13501935287787656
0.08362542600413425
0.12704933210751926
0.09226092266049123
0.1691627088488929
0.08542645434174125
0.1250481707357893
0.1236500014410441
0.1319184152223083
0.12705658989013613
0.18404350088364488
0.12891378521485986
0.12069088455088213
0.14409966457385534
0.1507621450166463
0.11290017044219776
0.11068090452975266
0.1297482080145674
0.1522495683255657
0.16048182800346095
0.14136090212998967
0.19698966896542458
0.15677959292699817
0.12344511845784709
0.13398114356849453
0.1549260643752021
0.13349654792998603
0.10544568751415054
0.1266985947099651
0.0671724058672359
0.183444457707614
0.11824044440123484
0.134278432166696
0.15070739207709402
0.13281010155242848
0.1548432096017387
0.10102699535151233
0.12372403931490893
0.09178331817621557
0.13286800285713096
0.15137338136645626
0.12278499573125264
0.10560697745847251
0.1479299497016692
0.11444290488439661
0.09040687333947349
0.14579847931665618
0.17526922880771323
0.1542159746085696
0.11947214576124154
0.16299385488502074
0.18493757985963577
0.14775400732047372
0.12186753588392606
0.13277857462446205
0.16580362307008936
0.14916067266094185
0.10245671075990065
0.14703618735574273
0.13765315747701828
0.156241678286514
0.1374533071469012
0.10569648750316393
0.1449263853053444
0.13806930728457467
0.12032376564513791
0.1624294690190001
0.14934710239373797
0.11637530394858961
0.112851554233219
0.11768154931744336
0.10831033813360545
0.1251274801841562
0.09031318009954237
0.1343932954959126
0.14156286711610375
0.12028957629380341
0.1623314654648774
0.17391356457428805
0.0947269009577598
0.12011791798996994
0.07938683448065548
0.11674201185917929
0.10453508940110483
0.09951887258345585
0.17290295942046832
0.1389120114729001
0.08745200319389838
0.10586566441616792
0.11730872901190455
0.165031189219647
0.1306122826372352
0.12545042561276679
0.07842936817778354
0.08879353613432187
0.08223326080504056
0.11801850314799378
0.13967617405344676
0.1390429987254286
0.14250002639392864
0.10286777573948237
0.09875434827303513
0.1305819544576996
0.11445196896418464
0.12779974029157054
0.1522988666057255
0.15671847778570056
0.13868003696752942
0.1387825991094935
0.15098880857620986
0.1369118580627318
0.1522041340730324
0.17086013740422004
0.1442085441663852
0.1398085309254271
0.08540836616960497
0.13194941619281067
0.12349941434955167
0.17342386217522815
0.15402913124855871
0.12731037995800012
0.09721459030085858
0.10680731207259553
0.09653008459924232
0.11934267489493425
0.1255499856743786
0.16142647126300586
0.15482998086827346
0.1241771638730348
0.14492676462526463
0.09097592327990221
0.11904697182665903
0.12209778453884886
0.07853623176102575
0.1091885997815391
0.10890483200001717
0.1434174825955291
0.12390885194753053
0.19022265326790921
0.08798231693535837
0.12828043798235864
0.10925507729295544
0.10928082382404296
0.16555307055872678
0.10797937701376813
0.15793977727341096
0.14850130073944745
0.12014756387515625
0.11848773239295489
0.12158598453288455
0.15222163236308173
0.14981959718336257
0.13654269251558387
0.09030958103442187
0.15577675494269116
0.13732750638836355
0.15496796646918726
0.10059860053871561
0.10798332959860207
0.11938296055539954
0.17969721008010572
0.16981357319062454
0.10725425708351562
0.14710197483949453
0.13008074187947266
0.16318899865583644
0.15238916864890817
0.12561369026515934
0.16306857330832922
0.16509404545257245
0.13192735925410076
0.15064290171469716
0.10566414936742057
0.09865386715397279
0.08880018821619214
0.1638977072154248
0.14637169035330966
0.0963572113702845
0.1639524906390472
0.13934822401122787
0.1558523688651952
0.14963802642782476
0.13903204678341777
0.08485421376180681
0.13732622486229873
0.10232419519762923
0.14625012409386565
0.1583616182432052
0.16886670853292265
0.12839052123221073
0.14308960135962273
0.14135006178436052
0.15820584364883084
0.10821219124248167
0.13365871094219475
0.15625557695018522
0.19808372707931313
0.12123752952933979
0.11876202254470608
0.15109090845491188
0.1353574545248493
0.11059016028727763
0.12270040177740388
0.07148287922149024
0.12739640533633045
0.1855998882367823
0.14510730340033046
0.14785719825503496
0.11965366520459865
0.13144893495693583
0.13072268730234032
0.130396918675185
0.12556528037957634
0.12816321026075217
0.11279562891057927
0.10689655423022723
0.17555117951350888
0.12699459331864188
0.14445553710847614
0.1066660995070433
0.13927515147617342
0.12375339166492115
0.14748350051253176
0.16248442010570882
0.09746870852898615
0.1562851668043456
0.16189319734122296
0.15821076418002206
0.14379689617845093
0.15273237250244842
0.13718807208685163
0.12042192877292872
0.15648499313740566
0.1118504723469726
0.13350832116336683
0.11510854474745659
0.1372937810371736
0.13056474825674305
0.15142860282632
0.15374831393530092
0.10319063908634278
0.12768076402724557
0.1201020979667078
0.15946259725562376
0.15965387797315622
0.11798333875229654
0.177091467250199
0.1646477037990995
0.16205374021316588
0.1253998047926582
0.09931348910342672
0.13697461051400442
0.1280449054594089
0.1969442586112401
0.10357382631700576
0.12166655123222737
0.13680023526155974
0.12757425603191772
0.1615559287751906
0.10966732509523407
0.12598657959905837
0.09573313849250283
0.0887568200744494
0.13069143858787904
0.13070258340944377
0.15138068327786816
0.1908306905672593
0.1414870771133768
0.05985093627638224
0.10901779462847092
0.12578098449774078
0.13750365074792975
0.1700499786981629
0.09903950459657732
0.17469925381712395
0.1360876465279914
0.12483856019627208
0.103049089609809
0.12265097636352508
0.12949281758905626
0.12842777618321458
0.14105674686814088
0.10278468709315691
0.14436715544040687
0.09841920977262665
0.1679161247929659
0.11818465622308687
0.14829785615645422
0.20001456931948697
0.13685180191035373
0.16279799815772858
0.1337956037429404
0.15025247429105734
0.14971055226782096
0.09608861425663949
0.10573220584171111
0.1309070759533428
0.16025456903641552
0.15259277423275636
0.11932452121614197
0.1642204191208832
0.13155945102356123
0.1083160589582028
0.10073165749762909
0.12841584149836016
0.1653974149965651
0.1432678262532139
0.10352516981885812
0.14185436595466075
0.13768249512318226
0.12936187255694523
0.11869476082732945
0.11345057637488541
0.1271164374898603
0.11203016267807714
0.14808505983972253
0.1425677427038175
0.11910563019879972
0.15417186273873001
0.10065441963929093
0.1007718136806776
0.13876003317187893
0.16768118820357883
0.16679902701789115
0.14877535037830564
0.1305155151469308
0.1743540840984636
0.16390142950951236
0.12844209955724387
0.13626155800627532
0.12853740430282407
0.13255251044755034
0.10824596345960813
0.08622523415338029
0.14644673894614108
0.12574336216826607
0.13408789245371017
0.15445106380763776
0.1226493448467638
0.1259607767155323
0.10704784854155855
0.10078022977398389
0.16515149790113934
0.15834548381142433
0.11240133862527941
0.1036772240117809
0.185099780071647
0.09917044581249236
0.13692004074474382
0.12694609840775428
0.15468141629440288
0.11034686293765406
0.18963828708059655
0.1361088047262842
0.11442774725727548
0.11129976857188537
0.09046626515622783
0.12369624666335609
0.08475945768165141
0.1211571196200701
0.1610378588869652
0.13896293077586086
0.08949971118598525
0.14425123679579863
0.11852407734574288
0.10245545805714355
0.10610418108456006
0.16093918263936072
0.11390046622986418
0.12746104862963675
0.11071209388426297
0.0826557910670161
0.12700340259270634
0.14578437724318324
0.09405137667266693
0.1302778159750067
0.17859301286949905
0.14842049556491302
0.16027079445901388
0.1948822233930821
0.09831680682979425
0.13475692130406616
0.11486270725286206
0.09791657088261607
0.13496520285371116
0.15519649760233956
0.13732731353846314
0.15315065617128118
0.1691611462206957
0.15667087999809357
0.1438154328132526
0.11131696391143271
0.11537909697669842
0.06343488202577661
0.1245464771144917
0.1157879687674497
0.11861417051908082
0.11344987768374315
0.12973311691557685
0.14231298082243282
0.19501461231107095
0.11635340030769609
0.11321245964994421
0.17085446992007391
0.0845707636094662
0.12751778445150172
0.10954890098645913
0.1000144549501395
0.11530219088717078
0.14180681066537415
0.1239906782841559
0.09971546504567771
0.09777622212617987
0.12552186781100216
0.1273453743655526
0.11017325943457791
0.15764606176015106
0.11243962467962307
0.140725551015911
0.15565984584792256
0.08464562356023883
0.1793852441679699
0.1608654561699101
0.15478029566149812
0.15550035625849276
0.11263107306148624
0.16084133550443414
0.1359277128747965
0.18117734173532707
0.1289274148028543
0.15150495846741935
0.16749388653127206
0.06819576702491179
0.12334716419122418
0.09237616786207266
0.1297018475662493
0.12312569954000221
0.0838707608805759
0.13492703582246535
0.1925947896986809
0.109738495405415
0.1457214124523056
0.07030193443674428
0.13949304580127078
0.10492133459543601
0.11704849122244175
0.06883090785119494
0.11128734605676437
0.21271144667167124
0.12037785674293616
0.11806851163446193
0.13060606962924728
0.16731990919989106
0.08672330897640228
0.14586021765501173
0.12874678956361377
0.09688366496698866
0.12273941951962407
0.10743829460431578
0.13966765891290464
0.1495998133256953
0.13203982371540798
0.13920949324951626
0.07346990140047943
0.14224115937561685
0.12744721921893215
0.1522276456431219
0.10419594534788673
0.10403239907949467
0.15982747896928032
0.1454895963286888
0.1267820086879282
0.11253821519360847
0.13103789052069426
0.13579438509082756
0.12200813833100388
0.13597517406858106
0.14226683501606086
0.10236816759392245
0.18539265052054865
0.13573367994963614
0.11829563644614793
0.16313626840057838
0.11042476573655476
0.11781439195977968
0.18157071769639424
0.13539396955371025
0.04839114281073218
0.1607096734513329
0.15397292622236858
0.1270764197550973
0.1855974487105379
0.1400635277307808
0.07994319489297241
0.1234226273565792
0.057317524574313265
0.1291975160860444
0.14217654676355643
0.10343938026514976
0.1168397366819152
0.18790386849558463
0.1588872577749632
0.13668805084711866
0.10967418864365856
0.11645456506794148
0.12864667591958767
0.1431302912981649
0.12571582873748038
0.1630558158486814
0.1774145085165361
0.155988606151159
0.1431706402710589
0.10749818307870311
0.14723549275806846
0.14519095193350892
0.12096514835286196
0.1259427337857745
0.10869156641575906
0.10460471406412908
0.17118313537214533
0.11868149847342364
0.10624863261531985
0.17750074967394863
0.06393278503616052
0.0790724328836221
0.14645903847612213
0.146730806130619
0.1545014444864125
0.12561988560842435
0.1252470234841536
0.16216188835455222
0.09487381197126374
0.10190257431206709
0.12282484721536065
0.14612018126434195
0.14923226604522646
0.18148281881440625
0.16099112966431656
0.10969542430883326
0.12246918601951802
0.1681073209965255
0.09827885161829768
0.08580796998715763
0.12641018541978555
0.19296496897058726
0.12790169624175496
0.19648518582037208
0.1241791139234992
0.15139590309180012
0.15553227749044143
0.14808907427976017
0.13145564819042968
0.12116622838185755
0.1750083049602325
0.13008039096675375
0.09312769706674325
0.16473842373679864
0.08058426908158038
0.1424002846979309
0.12836303313774644
0.14245704289873987
0.11391504374941269
0.1610777164890191
0.13387364107974437
0.09872502090256836
0.1385321372466691
0.10247581018667971
0.13508234244677547
0.10624711024557383
0.14828655643823124
0.06423102945050439
0.08699555414404188
0.14398341379339014
0.11563136712346826
0.08689963634801694
0.15490391827046793
0.12709800279844885
0.19152609357170491
0.14483556303990575
0.0891728243046016
0.13545753382536316
0.09569983908825398
0.09170919832866177
0.11618820525137646
0.15718502635093903
0.12026372742182283
0.11600263908345308
0.15062048099686565
0.1389539845678253
0.07188296349786316
0.05861169434394774
0.1439985897221404
0.09547998477077693
0.09264650301775677
0.1395142286199207
0.10397188031210192
0.11848747479219193
0.13601775670593286
0.13327732839348874
0.14757999012364373
0.10531787617245529
0.09225249020797952
0.13169006472895642
0.16685162879291526
0.12725223277305445
0.10954187160689503
0.12356145478770318
0.1464642991295368
0.11380920075664074
0.13219075524588017
0.10416490858944646
0.11779475638843856
0.12996004353778856
0.11823977534046913
0.14546991290102623
0.1116699188319244
0.09540126009646978
0.13038959179452803
0.18608852299307235
0.12982026216107834
0.12387418601805791
0.12922407461746377
0.15880158824048954
0.1301543832947355
0.19071829705962098
0.16324060588644154
0.14442533284804163
0.0933767490775489
0.1342700451021293
0.1499608432029892
0.1464849691565844
0.1593459847300854
0.08828824650289722
0.10771225293635435
0.14484682898410067
0.14237753352141905
0.23839052689331533
0.12767403722530807
0.11105809883323509
0.10647511285461159
0.11662215592460491
0.16392774547923245
0.15960740110966895
0.10632715123890073
0.12293531891033191
0.12811756220539147
0.1308760876278216
0.12170230127570374
0.11088646477574511
0.11016991609309255
0.13624648661606967
0.15083290835189253
0.16932572993439252
0.18874478790397603
0.10315571932767895
0.11454509321240557
0.1257013178433876
0.16505422819945306
0.10903676531529409
0.11943979386810326
0.11227450923778502
0.14191696581461485
0.09905293214734942
0.09374601983982962
0.1611550186628295
0.1302460081816224
0.11976779943962519
0.17097749832976428
0.1252862779755718
0.08178404469134416
0.1424274274185692
0.09120067100195829
0.11897126894394983
0.10541066019948941
0.1204138002828473
0.14887823377194145
0.09452457439331399
0.10867591120569117
0.1371073392480697
0.09453757636963318
0.1747267968821383
0.12035276434049734
0.15267585593644517
0.13226178199842653
0.14568552413939656
0.16091409753457667
0.17123141164449426
0.13983421354020015
0.15419566198081106
0.09576122642606749
0.12100661301468664
0.11743475665357017
0.10929205557153016
0.09290689634352817
0.13600805726607282
0.09793128772490829
0.1073141785565922
0.08510349806811733
0.13067249681048487
0.1549252385861616
0.11940501479628193
0.11679248299063989
0.09372990387489494
0.17103114595852653
0.1511442444091111
0.12040716473155093
0.08971954392099557
0.08710933830809041
0.08321371329410644
0.12198580856453052
0.13663063827783917
0.1892413224596726
0.09316639804565222
0.15126511646006582
0.13672574422691602
0.13901297994456036
0.1345292601002318
0.11709615224207981
0.132470662929888
0.13270690009426103
0.14482443688481295
0.12781905230630783
0.17961639727922116
0.13572122878163886
0.16939966860659264
0.142935456864395
0.18737271801971997
0.16156640431712646
0.16014507223282703
0.12107735228479644
0.16381459495256545
0.12313316730305285
0.10404757833384497
0.13883442764249082
0.13000296373082976
0.13989832890610612
0.13662836300190329
0.07826646856061585
0.14489995255084712
0.09991056076151611
0.08992301111573875
0.1578069288239653
0.14087709795353512
0.14594148986092303
0.09195911032091066
0.12004503179094088
0.0965285006812149
0.13432192786469216
0.09843326219646792
0.1368596046050813
0.12957871523998926
0.13747218363275535
0.14386412518446665
0.1471794725377326
0.17621329828328677
0.19127254141630573
0.15968498586360622
0.13587552949054169
0.08171392923951097
0.12455579435102929
0.130752358368106
0.16080165635061455
0.10191483109160257
0.1559023187281474
0.15698803587191038
0.11093791207331556
0.13678438660490108
0.1523655376034326
0.15885165189352454
0.1575045363349228
0.14666438518150857
0.14400189690248222
0.10837687742553366
0.08284407477857113
0.15567665844596684
0.18557501519572278
0.12148295396391894
0.1177846078821703
0.13351168651161452
0.10308844770576076
0.13394742993864284
0.11607264522291103
0.09708657474995187
0.14731908799661375
0.09833952276541272
0.12619774156701283
0.17119440981674197
0.16618763459338085
0.12876330520687396
0.14124090084534208
0.20000660498746856
0.1692577334330282
0.1624490688477101
0.1008741935479171
0.13128988514206902
0.09711065904419411
0.10660500826614962
0.1320496468072821
0.1291511504493545
0.12065332958252155
0.08968618124625061
0.11670931091534534
0.09833050142291208
0.13344828231019448
0.15130681292791368
0.10872577927219197
0.10247668553343572
0.11389703035406618
0.13571592493429951
0.14174731657208997
0.14530197723358546
0.14706782492835
0.11115067412773268
0.12513835565388257
0.21564030433399925
0.09364421549868983
0.15111658919929555
0.1551691606128109
0.10695725141841528
0.09122079197119343
0.11333436908467263
0.12253953474409666
0.094285674661755
0.17050752124620083
0.11389327634710036
0.10263569975205666
0.1682590239491635
0.10974101683929582
0.1457735072402708
0.12568988702886025
0.07801941428241543
0.1281007375243668
0.12154991009642253
0.15096871056088526
0.14927034409872197
0.1359166706807791
0.07203626126910852
0.09037828396834678
0.155839727988975
0.1360050845409831
0.13941944658430996
0.10955187094469516
0.06818685612159243
0.10359177785898313
0.1375027644528577
0.12923651766439082
0.169624950547503
0.11182427061945847
0.11384971440276442
0.10225561470957321
0.1306292651348084
0.1547071207903774
0.15858053358447843
0.16176833078578204
0.0975596308661377
0.1428199133883389
0.11755668118509957
0.14171254140722148
0.15242101250618748
0.15248546220009365
0.12874557923023192
0.11969536334551245
0.14626819260684973
0.15497965034257596
0.12877111958060908
0.13110918423350892
0.08554070191189156
0.1623437481348686
0.13168186513188362
0.04903030376948132
0.13697115577180294
0.08818629538637031
0.1521932828554601
0.1462560193498216
0.1084741671516514
0.14860523370702844
0.08608986702387456
0.172386769295766
0.16848035122900945
0.15346714306218914
0.10157943434355163
0.163552389551067
0.17252359024646405
0.119068378117647
0.16149286936406557
0.14332211031888964
0.1183573215787419
0.10020535377029981
0.09187081643982468
0.1345419337326764
0.10967882034124782
0.14993023654783338
0.11435646942683467
0.12085491780530253
0.1439602719681376
0.13253522719128222
0.13210764877692344
0.09464838390969024
0.070882544524206
0.17119820666433955
0.11887877913974637
0.15914768747324767
0.07271119145243239
0.14298579665788708
0.16019537808426793
0.14436142550674777
0.07968066343917192
0.17356513398594653
0.14339220482412127
0.16099808093201626
0.1291134854763678
0.1353262131082415
0.13482164075099626
0.16227993969979643
0.1025831046560125
0.13247319674559094
0.0851644980319539
0.09592147809570718
0.18855069034152158
0.14689626613740658
0.131179484913505
0.12835215353774046
0.1932525348110909
0.104185549641168
0.09821435279589948
0.11350010643194575
0.14087036340600223
0.14155003390938414
0.1420148809025832
0.1297896819886712
0.16087227131631085
0.12355084619969608
0.10569281462355934
0.10331291166437885
0.16540738379122852
0.15293993299856598
0.09906762861732782
0.12577747659719166
0.11987666168388457
0.10608676944483282
0.1603419726170695
0.13791992179399046
0.14626382431634116
0.1403277155862413
0.13655545913441142
0.083862549552738
0.08541890857854083
0.1009367650369747
0.13872576868042447
0.14526820071374374
0.13793114564625455
0.15395150844964653
0.13405508084094725
0.11104934871578337
0.14097858394146814
0.16999850807618477
0.10996392143423621
0.14629212847706347
0.13630063544258808
0.16885636056114728
0.15458077814813104
0.12094560307060938
0.16203759687136057
0.11339040932856895
0.12825718187898133
0.15702066030637907
0.14028229653794064
0.12003361159107827
0.14299447575899352
0.10245720087011805
0.08499722073893418
0.11214655856646816
0.10336384710203891
0.10549402081200407
0.15614662953112385
0.11636721418831951
0.08933245810830982
0.1502871985507008
0.1531445151369489
0.10664050445349618
0.0849112077901454
0.12940337504920885
0.13357754649629977
0.13977684113176686
0.16814649094834833
0.1128954548434724
0.1123197133043558
0.13672245728580493
0.10990278063005543
0.09329270877660222
0.09743115104500982
0.10187348784687689
0.13196517144259565
0.07185945151420527
0.08724147679509703
0.11581774101728426
0.11341561356493286
0.13468105391825258
0.14378048125544007
0.13371993648564956
0.1261490768951573
0.10978921030396556
0.16531884607852596
0.10081294959334468
0.10464591024959019
0.09613663894485273
0.1756425321369457
0.12435805734776054
0.10534026986631412
0.20868305986300387
0.09722255297085781
0.08638754640897583
0.1366129832170887
0.14668122959901894
0.09099747757033495
0.15532769522535686
0.12542705820821126
0.11687899529915789
0.1590927140808115
0.13017704570658264
0.10397121498916903
0.16055686970993618
0.1852995195625836
0.11537231241542889
0.16005601328495422
0.11523530523890219
0.118966134835162
0.13446623093379478
0.15449589359082264
0.11968128065502029
0.1309384590679624
0.09276019622400071
0.07712681936416602
0.1489868748139275
0.1383150063901234
0.1617218429177717
0.12510932228791613
0.11884562068444879
0.16404631570711342
0.20477621926821807
0.14116094422965103
0.10913750125836472
0.1365724634579932
0.15008822524320417
0.1468550016516926
0.10033206024609256
0.16050907206860127
0.13369057969503587
0.12392611120891384
0.11870271435891058
0.1456186781075722
0.15340040841723157
0.1360844441442458
0.15607114617173237
0.14236495855614092
0.1379693471470919
0.053671725237249585
0.10853964068170073
0.19295927243774863
0.14039218175513174
0.13521049871606414
0.1471146905732822
0.10717668738214144
0.09641121125323907
0.0922601875038312
0.14488349981471965
0.1238356049357959
0.14238995072920407
0.15441326562836938
0.09787688118109328
0.15580808545239663
0.15684423247265705
0.10812789941329157
0.12899423927753334
0.14500579209189976
0.17786109534443556
0.14421914289663648
0.1859877711811278
0.12680752699572126
0.08482074595466263
0.15378443717124665
0.12841023218461592
0.20505563151305092
0.15024378531746332
0.15354442761134932
0.14189180368569906
0.12219556609238282
0.1675482723704032
0.1644742855749468
0.14829769548645572
0.11734486971048749
0.1185566832863782
0.12433622681683264
0.1493213465811397
0.10839287118146053
0.11677661163800507
0.15445564505132686
0.13250867350060935
0.12115666351696933
0.13409533228514217
0.1311854276085188
0.1280398938622241
0.13444858462855108
0.12433729799218168
0.11035081253314749
0.17485810122085158
0.14674174963748898
0.15058441305677633
0.1331493818492452
0.11775120342799003
0.14517781303715957
0.08917112747241256
0.16527321160489164
0.18575800999834882
0.1442328041020081
0.09091053080864381
0.18248027019887947
0.12054616483878744
0.08223424175800444
0.13796123324927248
0.1480941265211921
0.140715392134208
0.10615573983727078
0.12875528005332026
0.09807017089356589
0.11233958682985853
0.11302690604027056
0.08017760136192517
0.17293798335847005
0.15204282168176544
0.12862964874782973
0.09657573740875533
0.13875186632001774
0.1621328750202948
0.17191179629063552
0.13183720385470016
0.17819319838912018
0.13262956761197991
0.12265848491092589
0.09683008883000348
0.13603220157176754
0.13244360695503338
0.1521394584281654
0.12240261344051906
0.13194163968856232
0.12921623535396481
0.12392318995868748
0.16330507790221538
0.16058481726242935
0.12741179094322957
0.10483560247766989
0.1623217223663105
0.13495791587451572
0.10842748053012123
0.15500432638746128
0.16341092008168395
0.1287963798175056
0.0923798176779535
0.1617470845407703
0.13459786917480718
0.11305799236075546
0.1580731494143318
0.14997633695385038
0.17290347204047657
0.14311957689121083
0.1233720656761474
0.1162929607034643
0.13818757711164475
0.11677436210275387
0.12658122434372246
0.1314517950858856
0.12266564761698827
0.14437976014791082
0.1473326331814915
0.15372857780799082
0.11406279495044555
0.10202426156409845
0.13244724261950896
0.17787022845101544
0.1557009305752689
0.0973407936129109
0.11408353680152625
0.09431225140456843
0.055165680029158025
0.1600624549619431
0.19923151397017036
0.12818279057011583
0.16031862897008242
0.14314293818030546
0.14059503010881946
0.13097271682679953
0.14040573944518514
0.1540255825956809
0.11360801795736837
0.12859315276567265
0.17574797666639183
0.14364389597809585
0.14839547818285037
0.10042845105313439
0.13104770367682
0.1414992829933198
0.18160737824025733
0.13229501343458713
0.14203705159405425
0.16896378827006017
0.13710842758545175
0.17500948782406672
0.1754581011238643
0.11921022310307018
0.12435819312150953
0.1576875402280185
0.16888570668613784
0.14595586009744083
0.09942035148450894
0.1892153407582529
0.13190688088764624
0.11347972591927613
0.18045866637580132
0.10048081176636094
0.11344429989679593
0.11524407933138392
0.14280665208025
0.18806802793854874
0.14819553785963788
0.12763097190563036
0.15792310735029597
0.09828448363788145
0.1484494638415599
0.12564142525316305
0.08932487288127848
0.15542928250735305
0.1537747424657294
0.08608479987245538
0.14016715101082902
0.11391613700166385
0.14944207518073782
0.12384652985554209
0.1849527750095117
0.1760390801810479
0.13234052898442564
0.09037262443864362
0.16235467091752584
0.09483514046660496
0.17191041467578366
0.11651218111433348
0.07669092244058122
0.13310335476656504
0.17223144234667676
0.14652471128823802
0.10854687835722178
0.11977476289068859
0.14602981605398682
0.1631660693887806
0.11191132297163824
0.08437876402438807
0.16250733628508396
0.10901804626667815
0.12129291257976077
0.12866728474603975
0.15647093703541873
0.11938347795878465
0.09800509577725182
0.11774767147478986
0.10335132067726846
0.1492872973946429
0.12874403751808658
0.13655101507425738
0.12672175559663496
0.08532606866458398
0.09129204577582865
0.14261910647551027
0.1176826664210504
0.15991395220487167
0.13762412487833037
0.07673611342254459
0.13391133599275415
0.13403769870243593
0.11263476203814611
0.08590459328909146
0.16453970013959385
0.0976077496621208
0.17474434786944473
0.12770523926757626
0.16556225367287322
0.09264493628883354
0.1509759438925056
0.1589010076289188
0.1696038229032453
0.1352578938532987
0.08078028546203292
0.11051876201328319
0.17257442466536643
0.18826832291345444
0.14994687673398532
0.11885580875202105
0.1477122112462435
0.14375493876127035
0.15537148571744427
0.14007584721053976
0.11063774657505264
0.1152917203884201
0.10268383274945068
0.14158432613568878
0.1299058417177623
0.145829106996554
0.14767098812558685
0.11501466224394356
0.18249184153455464
0.1530619879368339
0.14837664153772742
0.12827662745358662
0.1227870518669682
0.14489526157990038
0.17706559704828184
0.10575539039709438
0.13942158811407135
0.11927260481915193
0.13973951975827859
0.1600165283590056
0.13803483979829592
0.13000345635724156
0.13763472067883134
0.13391037366866435
0.15349132428531964
0.15570410871672227
0.15650752586950414
0.08511178122603065
0.14715958078408034
0.1397028213022633
0.10085394572866656
0.09041701521623312
0.09814914020662166
0.1419731372667951
0.1445683112422507
0.14325913602327112
0.1852951337720051
0.09413934281953519
0.23729501280344834
0.17260817651696267
0.11161980769285433
0.164849677126974
0.14575930168560647
0.10393231267971301
0.11531991512319856
0.10889601647319742
0.139489157466407
0.11728968336816814
0.10805522097277581
0.15083643987588205
0.16053915669738658
0.0831008031280873
0.0875867941562802
0.12190612498424967
0.09070924792893803
0.14185683236029248
0.152146784295219
0.061784219934377466
0.07752997457010478
0.11792831524305661
0.13130480669016012
0.12549706980941225
0.13422713225298566
0.12954617789212947
0.1272510637132519
0.10097223282890874
0.15264816496955988
0.11960915362714233
0.14600798950043992
0.17681173964734545
0.13805700763366682
0.10038393606557854
0.15365434910721057
0.14964751432527307
0.05932491118041543
0.12897001827519386
0.14198475580765307
0.1523907089390825
0.130337595213896
0.11372334258777744
0.11779766938518083
0.13063750871994928
0.14294433603264758
0.10924052073806674
0.14048744212424222
0.1116429501833811
0.12340048822852309
0.14908507123505005
0.11443823884500834
0.12067983019134429
0.1213524986635425
0.11161899012260507
0.14556483143322016
0.1752199102724239
0.12693722955666323
0.10655610286927043
0.10416597006217258
0.179383318809535
0.1643210287506341
0.11890277895040018
0.06114404495243194
0.1064410574312129
0.06948585472476218
0.10721923242263216
0.18830061672879914
0.14351104192393416
0.17741929650837282
0.10990418184686745
0.1360258203409215
0.11264613392069052
0.1351040622296399
0.1535869346023123
0.13963048004732065
0.15137985506842727
0.15153683731294923
0.13291157233936007
0.11816273590032468
0.16238486407428096
0.10207155764555467
0.16419934259308774
0.1497067223746448
0.10010686471740086
0.1218286669053278
0.09948628862290718
0.1466234026317263
0.15835997096212936
0.14891597481417945
0.15609903175186868
0.1465009340604125
0.1252191381066018
0.1280676436021878
0.14589389086626495
0.16317439018642613
0.14347710693972146
0.1199096671864097
0.13015563858953386
0.054534131932259956
0.14474427155782116
0.12484791887317072
0.15109155172277092
0.13310578328025194
0.11494511668316025
0.14705627986924982
0.13413596795937383
0.13151393591614405
0.12826901448710723
0.12160762585420677
0.14264151909265532
0.09001451110274145
0.1329061298461603
0.11829038207888484
0.1471001335816846
0.17403474285186066
0.18045257697840336
0.1198413022599451
0.18069361110191157
0.11311863660812453
0.12609894947841363
0.13701772062887843
0.1324380383240579
0.13348166985751805
0.1299472875801458
0.12728081054269647
0.14118962089310008
0.16664654103888293
0.164221293909164
0.15303290745547563
0.08826081921670388
0.12532681648482902
0.1395457222011315
0.14190562258132666
0.18712316028887852
0.10537253907623295
0.12578171508713318
0.15186969632313063
0.17071938220746272
0.14308317566999657
0.08990884822119177
0.1476694263953632
0.14153677699494716
0.11778714709116085
0.11897597548902017
0.12059568473098588
0.14400553148734402
0.11569126872248303
0.14036030969682226
0.15656936996268342
0.13676128005550028
0.16842986321084913
0.17275388100385997
0.15092887688790516
0.13223541274502007
0.13027054383729206
0.18451033807978284
0.10535504483374626
0.12397033768875974
0.09949312269746176
0.17614827444832976
0.1402791067338783
0.1436686705462311
0.14550283781269044
0.16388123755813186
0.16314095738712306
0.1760693599990371
0.09886326348298607
0.10215899720642665
0.0969990125209187
0.12293072141330638
0.09306381057066804
0.11050329758437688
0.1428983133188619
0.15826127588901182
0.139528147233574
0.09675392695964671
0.18345963965524406
0.10614600354966881
0.17862671603893565
0.1527454559408879
0.09484966311273044
0.13854739117405843
0.1599272861713706
0.17550728508953886
0.10613016022471518
0.14904793046073136
0.10111083228691291
0.14950456391333547
0.10861446683905604
0.10079159897839361
0.14303196640646196
0.0829650126016655
0.1322282130093041
0.1295141784972813
0.1779650243175528
0.1531186226583293
0.14327487113410184
0.1008303041919896
0.1218837526117194
0.13455800775269253
0.14685627597136602
0.16064195048771698
0.12666453320014276
0.12578033559275598
0.1260038177312783
0.14425504879153497
0.13199999345352675
0.07495627009039678
0.13102454618509382
0.18114964348416213
0.11950073504314092
0.16978966530444137
0.0990011697315494
0.13708864559788075
0.2058218489181689
0.06867858505648132
0.12447620865299841
0.11519146164847247
0.11176485277588186
0.1544170279704428
0.10765937219453235
0.10430965175186836
0.113637272263871
0.09881317938311762
0.09582477677016493
0.09167213704186716
0.1262930555619255
0.11743033174786251
0.12817105227719705
0.11979477365284467
0.12674540156403913
0.15274595156980028
0.18596644196673387
0.12861888891669487
0.11633558818428728
0.13340310489161267
0.14130677975759592
0.1689955013367803
0.13972302794725877
0.10508781008375247
0.08208499858726764
0.09246646203316924
0.11539801113445204
0.15019949801708413
0.1892501547790581
0.12332022776583955
0.13841742531948847
0.19363259118796292
0.14906745227481455
0.15025524975200152
0.14333288855929194
0.08078927433841568
0.09869502193735848
0.10715798132365115
0.11563157364541769
0.15976264551838948
0.08932238435880845
0.12453802892211999
0.132864158838223
0.15913794927036426
0.16140220388142493
0.13348222666060294
0.10194942838833204
0.16003834158748917
0.08402481351124154
0.12298025091862674
0.11875101190649946
0.14096803170795935
0.09206851591416987
0.15324023630026912
0.12461331020835481
0.15243901509972702
0.13339981346179852
0.14347184606033003
0.08839554752940308
0.09734233873752879
0.10255488973342795
0.17646966216103774
0.135223740714058
0.15677858335553105
0.12718140093594862
0.09185125291212871
0.13750754031019927
0.1434703412860969
0.15206783532277132
0.15881588136820504
0.1634438466958178
0.1621767587737833
0.12976305436032654
0.1650554814954371
0.14782073573825416
0.15434086591150573
0.1500150548344461
0.11050006061550972
0.1099474323687409
0.12555893752041208
0.10879729094945628
0.154268104783683
0.15707230348398832
0.0958900473637063
0.1348565983117099
0.13824617818670387
0.1838918980445573
0.15312248987039082
0.13723301666497664
0.17605851448506918
0.10263656440890015
0.14613033609033563
0.16480969208150362
0.15564541845560392
0.16127610974315407
0.08904729430114314
0.11941468926267867
0.11897262126630821
0.11815058215292061
0.12745688931181176
0.15497106769979538
0.1431596572688816
0.12929556598698402
0.14317556286958252
0.11324034602015211
0.10708596115389778
0.10641477829432877
0.13166572098229895
0.13886436141186115
0.11320631801999687
0.1261780305080617
0.1487869393572294
0.13087528642044366
0.12146347499393932
0.10250283043395873
0.16824544775275227
0.16771236576170973
0.09057416111759473
0.13018828253889198
0.16431508544045706
0.11271401516394235
0.13238206888812062
0.11717290808891338
0.09499259844893039
0.13664166220898696
0.1371075249038611
0.13657375834250093
0.10849614075292674