0.11142624085892305
0.14227906137519702
0.13086662879159083
0.1208813278144914
0.07169507180101513
0.1384085502320535
0.09319231485161653
0.11942819857484314
0.08935931527159911
0.05998616535827064
0.13648476368032075
0.12820299104278274
0.088918709397632
0.0866493046626194
0.13623538821002368
0.0856356189268098
0.09429428595275716
0.09683631311441446
0.11473125578304608
0.11283563741788862
0.09115885512384113
0.10325388764807193
0.09845005821134727
0.1161288463546434
0.0992981449799671
0.12472636325444791
0.0763262646763874
0.08382223078264045
0.11175028557233618
0.09615813156669493
0.10342195470397716
0.10347058054439026
0.11082907403246932
0.1233961503777931
0.12048366049824125
0.12534938341708962
0.14073226198746747
0.10614560526564262
0.1419883647422788
0.07949211944349296
0.13018700283715337
0.11217728621722392
0.08468604016723047
0.09213266040296965
0.047756988189408024
0.12980070107954345
0.11252449038561935
0.1064374014911927
0.11774085249038603
0.06011092417738911
0.13143903720957537
0.09388279886946159
0.09697385972355364
0.08534028588561937
0.1421695959602659
0.15093781314378232
0.09313655808206918
0.11842159939538026
0.10972056109642712
0.12420249056826466
0.06353173249132579
0.10523143877924308
0.06397418758105676
0.1262103059497134
0.08943967425758904
0.13482016087987034
0.1398637908063729
0.13067393767853616
0.11244046961617325
0.13321255209438226
0.14359389771257056
0.09484970101767101
0.09777134288884273
0.11652568594215612
0.1315710051140645
0.07890701969332868
0.11582996281647161
0.13867584795656357
0.1381961498981429
0.1056969495770799
0.09346014604249576
0.11628564395978572
0.08673202989547446
0.08419026204904954
0.08711008463150884
0.11828479486487326
0.14395497299501486
0.09165523143976277
0.13864208919839713
0.13195323042105295
0.09353680995439316
0.1357599460342275
0.08383276929816165
0.11330284237678168
0.11257302704043236
0.10612494325529787
0.08742886654219742
0.09571519161760009
0.13539072020980908
0.09644701038157319
0.13051850036157248
0.11148940611881611
0.07263603788633617
0.13675615544337283
0.134116876929268
0.15472914916806094
0.10351142553185588
0.11396671611798621
0.15424435298866693
0.08952981748941971
0.09722546260490675
0.09156969252320252
0.13598430238952225
0.07384168046508308
0.1308865721488542
0.09170557447794675
0.12730335786471186
0.10728586249466779
0.099825025433944
0.11854891153857101
0.09242304925703597
0.09881634399950714
0.12813286414076777
0.07757711573716487
0.0896605533074449
0.10207245326042436
0.08146392616106972
0.11213788574717849
0.10319800579130306
0.11292195458903506
0.08813763445388283
0.11955363999825729
0.13855926188729584
0.1169436991287904
0.08794571545005697
0.14440524207642538
0.11339989262754295
0.12911594766495701
0.09760452194807236
0.1288753160262013
0.10113927288124101
0.10938526894169315
0.12207505684638705
0.11279322149534848
0.12179202840274095
0.15260002757033597
0.13032080538486332
0.1407758914283278
0.11666689596324681
0.13408255763838844
0.12880098535151513
0.07133380950099279
0.12266717322117239
0.10402779198291615
0.08605850165724287
0.13124076284714073
0.09754692638196501
0.10134112488458281
0.09927831906992568
0.11348997382508473
0.14680425776993763
0.10482764265993542
0.11370775883307598
0.11730133565192372
0.09525127908313161
0.14646547891774236
0.10868984033087753
0.13827611102148543
0.10704381857401148
0.09318480837827321
0.1116906348354067
0.11763391848434415
0.14767199981508067
0.10932729011563387
0.12579493447130058
0.14332627280124316
0.08192461997263747
0.13667716792944876
0.11977928859499634
0.12490140092910271
0.1195850730247127
0.09998212831910305
0.10214750711236542
0.1065730221048331
0.1281906731532938
0.11773969828849333
0.1484921876124675
0.0631240859879628
0.09802757493086693
0.13617905785023188
0.1266275566028338
0.08983514826040066
0.12213803314813429
0.1031341776533074
0.06156944055225657
0.13186453322849767
0.0928181876506868
0.07107989439819556
0.10769984138076502
0.12187318937815379
0.13449081587496917
0.15403440722625344
0.11412592756560228
0.12611001346905282
0.08815965949645957
0.11470946935353672
0.08673434185093647
0.12014515978763038
0.1306845297881123
0.08691640461509921
0.1334781479173334
0.1313898642540336
0.148780192037406
0.1259869027208175
0.0978058010844168
0.0807831913875309
0.09007600531196855
0.11606627657178471
0.07822940721288732
0.10650441843529654
0.10737341117310156
0.09938932523881541
0.11574722654248963
0.1285403705931179
0.12054450443200711
0.10823996071333504
0.11055028456260475
0.15667067231922446
0.08992411586991164
0.13473405318187753
0.09881107888564197
0.1257098134628341
0.10646010164063184
0.12753331604174167
0.12832526212992737
0.09015206706795226
0.11023857424288357
0.0790001198012784
0.11917928603891964
0.1316625099431037
0.11524506480096994
0.08283929147378925
0.08789683491875079
0.11296626710209424
0.10297210149495285
0.13717970877940175
0.09322525085850271
0.12941029083881403
0.08334183623388025
0.12606740606651645
0.1245913494021362
0.1499074575993377
0.09580041992702827
0.09622770537138635
0.13178436552175
0.09428002979908544
0.09370395854389695
0.049253726567496686
0.12098046718746444
0.12476775469699772
0.0897166390913612
0.11689816679675658
0.1237925180146581
0.16178820793478824
0.05935372840413779
0.13539230619027692
0.11362969420208087
0.10240790093627891
0.0952631407590972
0.14094140371353236
0.09783236477526619
0.11418127348668766
0.08093819517739473
0.13388387475866884
0.13482446453323452
0.14921497569628683
0.10921283615743466
0.0864556095173785
0.14121665840194517
0.1442882253619286
0.10048240123904977
0.06849503935374358
0.12299991430542988
0.13233415264050433
0.08537306453739524
0.0903865872219882
0.11748363982581864
0.13036422746454426
0.12898038167901782
0.1355025507996179
0.14153257170939376
0.1070505678206277
0.11333026854547573
0.12701126130958082
0.10583898670781261
0.07832914960593597
0.10887176931723393
0.12009662993807434
0.11358004795722092
0.10153114396169269
0.11672949343974989
0.0892236186686064
0.1251669716916818
0.051942182141688484
0.1285070892940359
0.10152746931557736
0.081860842130859
0.11188888280673692
0.11748337522672354
0.06987714205154445
0.09616400620510877
0.11987490390128522
0.11066068421170903
0.06583046443960054
0.09089124735742
0.08340636640377477
0.1247104520662247
0.0955994969873152
0.12914705337678992
0.1233343272181733
0.09328720653528264
0.138926182105737
0.13558826197677684
0.09474668642359146
0.13474592169323113
0.11533115340875104
0.10109976872868613
0.13225191602887304
0.10349079113231241
0.10759676561244709
0.0809688814820549
0.12706426155285894
0.10082469865950121
0.08201363189653614
0.12497125829313359
0.1382209343461626
0.1024868249633496
0.02221182725617732
0.11034910663578008
0.14356346371479892
0.13854220964324188
0.09774784740928037
0.0909425843658356
0.1278967025516889
0.13964315084203952
0.10300516876478923
0.16387298539855963
0.12396678696051847
0.09571284910091644
0.08388968837882685
0.07680648550843891
0.08905465583795982
0.10390582316473193
0.11936589853682159
0.09517971077948724
0.08785166299666354
0.09542376922528661
0.1291242835416595
0.12364066277413473
0.09116459875919777
0.10861636901594678
0.09819336618597045
0.13231040133342212
0.09513156575541268
0.16289236492971396
0.10520230238359972
0.08480722132308513
0.10534657679987129
0.10778108782053092
0.036427679788883914
0.13757075695766444
0.13482021341546824
0.1024086993131054
0.13919796003249413
0.1057344699890359
0.12122791860017323
0.07111421334851675
0.10014486698544678
0.14649649693003264
0.13221465301137617
0.10925691815691714
0.11030755689871985
0.08918096733981858
0.11092179759372439
0.07916702705898523
0.08752136860259568
0.10108136542983387
0.0877512290848578
0.08489464938333618
0.10128064431065803
0.11563267180735583
0.11517194686311125
0.14184220713042794
0.12991451711557692
0.10070749223832232
0.08726495823592897
0.11832767932174652
0.10709075569604949
0.11299467850431562
0.1071455998656703
0.07122092484947223
0.10460178994491963
0.16458524095541419
0.10079384018453222
0.08815350555081285
0.0996013793808395
0.10035058583755725
0.10823769151529468
0.08800036789851692
0.08424088814278133
0.08233560456225306
0.10669366629465435
0.1190087289615004
0.11945295051849174
0.1187965544095246
0.11763014134025859
0.099045169435481
0.08761982813178565
0.10177777070762879
0.11007889190810571
0.13149994209411198
0.12017801590110483
0.0991746564489519
0.12069834058256619
0.09691728357302719
0.10113637496765637
0.09871604601389561
0.11446844276459252
0.12851109329248572
0.1009404876561518
0.13574159038674374
0.092007716605323
0.12707754808257685
0.09778025378212532
0.11115770094791687
0.12095470220749756
0.15096374401792778
0.13599844884192505
0.14559277090705813
0.15060203368869304
0.1243321635168808
0.11234662154556871
0.09787365621565897
0.13959660767323998
0.12047733050786576
0.12577526476433434
0.09248222907646607
0.08794316043579019
0.10713970371372768
0.14574881473361664
0.12907126124622542
0.11589906277206373
0.11996963690124639
0.10545412430274678
0.06552950810121717
0.07654585748716129
0.15815132180967423
0.11482088348488977
0.09072390634040267
0.10049192966811205
0.14654603408803857
0.1131691025251974
0.13364321216451613
0.07000970111652913
0.09736034956014575
0.1094316645304673
0.1057458980033775
0.10271311699518965
0.07406405882075615
0.12787707972786247
0.13661692649699272
0.12475198576996568
0.10153794846583013
0.1148189394878077
0.11026777630016978
0.1325552423619836
0.12134046261378836
0.13706454940478313
0.09714678945221097
0.08276104944153859
0.11004332777532906
0.1357702479994694
0.11707931269613381
0.10573505885847136
0.13258612204295697
0.1116221648060688
0.1422980965222955
0.10962293390958906
0.11548919210747927
0.1008614420304995
0.07354362466703417
0.1182258569680815
0.10432804235634498
0.10141546891713418
0.08373704558755658
0.13813337232029527
0.090737594042236
0.10790035456801568
0.12125175005536735
0.09846248270195594
0.13155636797313564
0.1517959698215929
0.136231566581551
0.09460141678797104
0.09762730362037045
0.10791890965065268
0.1025586669532528
0.09915236698393845
0.08201435146006016
0.11660262635836949
0.08425040252961381
0.12110362415586157
0.07895290862932663
0.09920509925787382
0.13952119301269875
0.09443238247953815
0.14114223856695188
0.16121446274082035
0.1160217714295508
0.0842653050196486
0.08473352131069838
0.10500766249183778
0.1509672341827526
0.10312714057565227
0.1488235114368487
0.08054448040130807
0.11261166209919321
0.09360265941482813
0.12716527820470463
0.09315990371747244
0.11995898711847565
0.13031198979686712
0.08961529785478882
0.13534098674088557
0.10888107326163586
0.1049182489533201
0.13060295532164473
0.1468450260681811
0.09453904725748558
0.09671675225893184
0.11215454122621647
0.09923665484847294
0.11793129544788164
0.11736989531968703
0.08300464222002468
0.07450280154933159
0.09131484778928882
0.10319389391695305
0.11198358590751235
0.09932598430078367
0.10594473732707041
0.11027807930648507
0.15378422996941413
0.1287073226020489
0.08780588171876978
0.0904106330318404
0.0952879598174234
0.08660992298672741
0.1356253084154538
0.08213018745608149
0.1085714169186266
0.1012957154888873
0.10144164998367296
0.11901412027972262
0.06286291833804665
0.0993642561195325
0.1328005854864974
0.11923055877508364
0.08066313554044459
0.08528443438007398
0.10979120997944573
0.10790456028695349
0.10045866178435159
0.1320100892659982
0.1211538138177296
0.17080477904903937
0.10922927997926567
0.11535810241767282
0.10660449960659217
0.10331064283685533
0.1123276595210563
0.11614989150614065
0.1200897789810987
0.13124755371421085
0.10855560444686245
0.09384601054969233
0.09805963223083605
0.07102339912752713
0.12514753801406536
0.10689882446180927
0.11279047419345538
0.12636242934693342
0.08946221446615991
0.14512670588276536
0.08249438688452142
0.14552693756245583
0.17373325853404759
0.11301871298100831
0.09903018989768499
0.10595535436355288
0.14013420794551448
0.11939296764269593
0.12578453172691556
0.12795004018780656
0.05679911690022014
0.13416649644505085
0.09997901393895045
0.08542071863778461
0.114957712417021
0.053795617043137255
0.11671253534911487
0.07838043781384482
0.09946958433127472
0.105798699345968
0.109004488605143
0.07935719498680022
0.09588863149443738
0.06997672887874584
0.111917913744531
0.09549160024064449
0.10251678806365337
0.10093320051624936
0.11806659711083767
0.12953133014789142
0.1226279499076972
0.09116454568812321
0.11880793948809779
0.09366803434402651
0.10109656623412762
0.10302799396226141
0.07465933935034592
0.11800987616496944
0.09099938699375296
0.08661097293316551
0.10725268100438266
0.12762386229405118
0.09767735114362974
0.1325127341500067
0.13423719998481332
0.11863310105663095
0.10262653282138974
0.09037324646831373
0.1222450402167214
0.13441079114533977
0.08976653000952388
0.11640555422538951
0.05589275369669802
0.11511935088274397
0.12067643010681062
0.07531700358723195
0.06815979198402518
0.10051161999728982
0.1062129236890989
0.11058345176450328
0.14022948256770074
0.10235939126496835
0.09281017320624839
0.13845742172656078
0.12131504101868822
0.106256825301271
0.10542751806697208
0.1180585859513884
0.11479208427801847
0.09192922370382929
0.11828852199189231
0.11114234232171842
0.10662825074440314
0.1559866720709993
0.11118301416083319
0.08101406431782786
0.11416261956048089
0.12951621610823735
0.11584848936608917
0.14213504739442476
0.1374129473020683
0.10505563821027857
0.12020208656188253
0.11454027779738177
0.11683053562482498
0.09926646682364809
0.0953611051046748
0.07252122602134567
0.13463701725784596
0.10012542835815212
0.10486318389714891
0.10285366662293854
0.10324387804422619
0.11459780976822276
0.10339278769611879
0.1797869557372836
0.09910903422427975
0.08828844360211001
0.09091702383677931
0.12933068006183177
0.1492848874769284
0.122701363956589
0.14365592106785
0.0928809600558985
0.14364417182890982
0.11239404026663154
0.1015075407441484
0.14653769585095702
0.12219157951023309
0.08466673589432716
0.14276421397687186
0.09798688067275578
0.12305353280939887
0.08051881938606519
0.08989004644875843
0.0369038952780762
0.06571611528882698
0.12054515092849041
0.14448410258929914
0.1290227787783225
0.08163152162726758
0.11606355056458188
0.15039241267840375
0.05668692521533989
0.11231282538189785
0.16321944592652105
0.13720841624708202
0.09860210805768212
0.10410006229068966
0.12474641703978837
0.12761063656500543
0.13575910678351014
0.11423643697788603
0.10543525758875907
0.10101738468005593
0.10549787216065039
0.08388179493756516
0.10614843537656629
0.14706707238365982
0.08127870537024855
0.1511948583753043
0.10872541568904329
0.12513805486342022
0.1301207828265296
0.11681927281870036
0.09599754981382447
0.06993417371465088
0.12517130595895698
0.07653422839961414
0.10587235584000154
0.09913895111584675
0.12208109053327208
0.1467381486877137
0.10840454163254486
0.12946565508652896
0.11660476653476819
0.06916039493379893
0.08841082558187449
0.0663107492913483
0.12405220991432073
0.12887225315250417
0.07165476753721314
0.12303903614828571
0.09391248071836726
0.08934196418813105
0.10139923245825477
0.10838067413355654
0.12656686646165058
0.12249848828434866
0.1312032529600589
0.11965368445179476
0.12984491075016483
0.11570154949038558
0.1159676708416406
0.09780727631741153
0.10263997359370834
0.13919162293031695
0.09758604856046421
0.12529545178982995
0.09871386867661203
0.07024502563648725
0.10067164178980463
0.1339619278372393
0.14641456119002746
0.13132765933298668
0.08359862375412187
0.09181997929817373
0.11500969611897902
0.1280173275751773
0.10724855790274947
0.11456154454075786
0.0861684306519484
0.123600592007895
0.11126064880675295
0.13614794127402288
0.09359021413486579
0.1479200545036832
0.08171299351539943
0.08327427661795202
0.12774611185394188
0.11137727955850925
0.1316931105053177
0.11024510459640961
0.08990776397140822
0.11975523510200282
0.1364974341597611
0.09386691057926852
0.14272480946366314
0.11132033541809208
0.11496092833421022
0.11653313435126103
0.0900108154835582
0.1368835885626248
0.12283977236209796
0.12729676729974312
0.10142734303595329
0.1477905071070176
0.10033515159742978
0.12624260795936865
0.09974642156413889
0.1068235122203685
0.1146557920074217
0.11267418411010893
0.11465038407258434
0.0983778955234841
0.11028461883009609
0.0975634237247332
0.08365059468182155
0.10351800480722864
0.06566834666763087
0.10631751285929406
0.10570381436173294
0.10612044727895378
0.1120282036937217
0.11725374284802216
0.09792499756834615
0.08145318395035446
0.09923134793093322
0.15662604200904745
0.09601448375618847
0.09090149891820724
0.1067909570359047
0.10889713412261644
0.12278519211581543
0.08172146716482313
0.07498926475902447
0.1237307319543622
0.11293794045321857
0.10508610283276122
0.11049130770686796
0.11245234747181192
0.11955423812656793
0.11540380843119147
0.08060462809499866
0.1489330719236663
0.056539837877536143
0.10434611564400502
0.10366177281834058
0.07422345262700235
0.12373562810448062
0.09323720030835912
0.08098894227533289
0.11954836021803286
0.1195746699281448
0.12020003719889892
0.15713413055065045
0.11544036242000488
0.12609521621346279
0.1348895224812919
0.1007430528342257
0.12859391810376541
0.11046700622326697
0.11428447608641258
0.06890413970009039
0.12360034865537142
0.09637038429996231
0.13469782423211496
0.13501857880258533
0.11779930561061637
0.11643687431577808
0.12647727746200696
0.1418506365292664
0.07797652219289287
0.10267618464869845
0.15138087256319402
0.13049207342317576
0.13587957746637644
0.08959525168268981
0.06918592461437852
0.11051956580744397
0.09544967438402926
0.09998829082573739
0.13295405078376005
0.12195373566140216
0.09259052926431413
0.092549138909215
0.12631620371407476
0.10865054400636935
0.14314126623395684
0.14107303842549074
0.1551078933933529
0.11132447304453043
0.15200831154852432
0.07151802118041721
0.07484923769958254
0.1353342437164837
0.1057726004597655
0.08777768589145928
0.13386345556920046
0.13828627306244456
0.11935838663770265
0.10910947354916145
0.1497835974488588
0.12955059249420564
0.061994814627225114
0.13761573793857226
0.10500255927449426
0.11617470261812761
0.08048572996828586
0.09661224103502813
0.11336680973749692
0.10217356163678261
0.10197203574288469
0.08133063704928305
0.10673682578541424
0.11262710338165506
0.11795697270048017
0.1435642616362382
0.12547158068022082
0.15006263810309878
0.09949987326707263
0.07316239123915216
0.12530997454722173
0.12080588237705349
0.11364568712697212
0.13714721261641222
0.0905278584948362
0.11209225968805776
0.10640844242733748
0.10319590696665554
0.0961064501625147
0.1342398704762559
0.10419400596319288
0.11776174821905522
0.1142542234614253
0.13041526939656625
0.10518516751271563
0.08543821933849646
0.13245853138994437
0.11072639871831287
0.09925334502231492
0.13650621568802962
0.09712010066081933
0.09730185175865352
0.11412294594245272
0.11402622931797879
0.13022478389967856
0.10109476121714484
0.11553110342152828
0.1095350020088316
0.1203371655098091
0.099845500653202
0.117154369636459
0.09306561353258405
0.11155804810201542
0.11763293472508503
0.11452229985075732
0.1204772718438187
0.10042442786774165
0.0886769556569804
0.09818598637862185
0.09956582481253139
0.11239355970860379
0.11909928483735835
0.13311923719957003
0.11372118957394213
0.10420099964939508
0.13701135470977058
0.14230411470686893
0.09255247656747238
0.09067075738428235
0.08463958671832358
0.06832411003242321
0.1081012777591666
0.12903133156186875
0.06633743427764562
0.07739396141687441
0.06621018421517284
0.12424760551395493
0.10820759907822602
0.1375070844236146
0.11277905490191413
0.11188900677626186
0.11478939700391133
0.12562950082041802
0.10833345350509896
0.14260039209464734
0.11118287987847618
0.09469329125194212
0.08001289214622538
0.13928452016464254
0.11023476792777956
0.11334558380724839
0.09954590306102426
0.11223177177962142
0.05107209480055692
0.09382545883421202
0.09933972355788914
0.06469609991628808
0.11426921272931813
0.0803276589392644
0.05598861256536591
0.10240340509772324
0.09421573614494012
0.11922067257868023
0.12805748092196279
0.08368434151339621
0.10114666704631214
0.1312403948673397
0.11320335942178048
0.11797261337493614
0.1057428049435352
0.06381397203032975
0.14848379248821608
0.09696895023214926
0.12788893340012367
0.07671927257471106
0.0915756276749319
0.13501145264060885
0.11350204600207846
0.09026109878191653
0.1254538994988859
0.09688297210165554
0.10292126661233769
0.14441848592648315
0.12048281685716591
0.10018924353465478
0.07933113459289808
0.0965690901711376
0.09971912486306539
0.13600695031283797
0.10839145045543327
0.051101558539625294
0.0842047956466452
0.07437736419580515
0.11659644426407688
0.08822348382544423
0.09574814613679665
0.10659390324423429
0.11385698344571572
0.1556647400860609
0.08993336601032965
0.14642654235465763
0.08356785412424433
0.09104660930218708
0.1123335395127319
0.06767598728325923
0.07629716417071306
0.057080760976291944
0.06278343683662604
0.09005701020494487
0.12550399909947332
0.10096547118897631
0.11393400625323394
0.11659515608405088
0.12087859415721168
0.12017135752308779
0.09009483711758429
0.08719248439844823
0.10740318674256791
0.07034775371848631
0.12211252823107081
0.1192372161380057
0.07731685041967941
0.08034345652431814
0.07392389377861193
0.11868674173137847
0.11766973166920804
0.10889498938806592
0.08352071024442673
0.14564285993728937
0.14306616270373296
0.10058763615622197
0.07196157260159397
0.10972391145067054
0.09590677700605423
0.12427142096683204
0.05957547713651168
0.07715354569062559
0.1114591463606053
0.1007059592901635
0.09980456580394079
0.10106771983533094
0.1000751760368628
0.11930676903650511
0.1336145241258387
0.11183198656787315
0.13043092854075763
0.11158505239091825
0.12683851053764983
0.10700468220280104
0.13422562070394803
0.1600103389598298
0.13918421670996062
0.10512403279247527
0.1167208861671318
0.11084926173484991
0.08567177548192574
0.09980806118721615
0.1116042543757529
0.06885064585033322
0.08283020144462583
0.11081289553774705
0.12075385208902552
0.12493874628454123
0.12587643179979977
0.08151413141261814
0.1570541322874598
0.10487203091477056
0.11346271252846728
0.09010669455096258
0.09799287638317139
0.08337742911100118
0.07178929413387969
0.10213399981837155
0.11606502349867895
0.14519875630777906
0.09115322849794055
0.14572477551755705
0.09481603649678948
0.08884463333770648
0.09943122029592481
0.11912126386691357
0.14124588287703604
0.1431632943645797
0.0711934772528273
0.09683643596582926
0.10300166327553185
0.11874898822165211
0.1389955525811931
0.09183551241004681
0.11466139156173126
0.0946670088628132
0.101566131018522
0.11933364888430101
0.12948234609562406
0.08294284580238637
0.07894564978567598
0.09935075931677767
0.10314348358032453
0.07782566966324256
0.11420430858105099
0.14410784063197088
0.08448451427427041
0.12885739786710645
0.16298306953342184
0.08078083049104459
0.1129142785345835
0.15774200122324078
0.11523198780744273
0.10991669233689244
0.09524308441078286
0.15066075682973193
0.13119323413715636
0.07106289718799508
0.11133336776543895
0.11781626779817923
0.1343333130300127
0.06848465639327944
0.10774143392153411
0.0928776505699577
0.10336808505935466
0.15136891671873226
0.10092922578576326
0.09591926470212926
0.15107817248785924
0.08663418723940644
0.09653714198355674
0.09822219508884969
0.11576455139281754
0.10819512042385811
0.12992124317225337
0.11794329683688766
0.16132349598811538
0.1093114808738251
0.10470121654627004
0.11847799625832088
0.10928594789201515
0.07525731165401359
0.12254947515821529
0.12012364086323042
0.11849556114688396
0.08380970871045343
0.11000376754447855
0.10386410350102983
0.16112561618124577
0.08227159209683556
0.102009425471064
0.11984620610824266
0.11420952109864571
0.11494685283945064
0.12752709241232382
0.07276993393039265
0.07811932765062571
0.128352357053444
0.07897896193716474
0.12313000504352543
0.11409601923357114
0.07338054664645557
0.09748226964630906
0.10557191726249429
0.09510259951679156
0.11520953089721235
0.13133630338907518
0.1283281917618548
0.11217116452043366
0.13353083318983447
0.07174650412164504
0.0974596565000409
0.11624557003249524
0.1039190025367498
0.1477124663302832
0.09618478297650741
0.12329414161375993
0.1323760098577448
0.10238122395951747
0.12585349710547025
0.09882871947870112
0.13176889474672066
0.08985878075982365
0.11693061782214181
0.11700982339888584
0.11793573520122423
0.10476564848070015
0.10259304942025489
0.11232676139107821
0.10272665457416374
0.1545001320385383
0.11012689696945004
0.1501260232158609
0.1156419093716636
0.12271002340711204
0.07297252061580725
0.12353629955216598
0.10432990149492236
0.12992694761864024
0.11301099034580957
0.10364977710986288
0.11703531632749273
0.08494943919440098
0.10777834894567864
0.11044743884400449
0.08563168456809543
0.12569832911943848
0.07611045901079838
0.11540775163300586
0.0983038005559124
0.13972680380089203
0.09898267526684404
0.08708804428071343
0.1002938405866829
0.13767934825831976
0.09693927338111728
0.15703072192226677
0.11170375990358812
0.09588238092419407
0.1071317081570866
0.07065542081244973
0.07163052486605863
0.14428813438681845
0.1368036665065589
0.11040045987572367
0.10822635965102075
0.0911655038316218
0.10278379871261016
0.09032872438123092
0.09085065285729409
0.1057199143817011
0.11231984289600482
0.06942298571003284
0.1269267656331416
0.11881584061165618
0.09669933021268809
0.12402007536443523
0.09460492647421004
0.10158316745905584
0.13484055708537904
0.10863163758979691
0.12566227195845334
0.13727421398341894
0.13299362053571034
0.10340026416071643
0.12210962891154019
0.07684139332863822
0.12032043401261129
0.1028924697176286
0.13720290453580603
0.10263719715399217
0.12532996110262443
0.0679219788749335
0.13056685703047302
0.1290309470604617
0.11866301199331132
0.14682233670847947
0.10914022901460853
0.10606104622130608
0.11698753628240137
0.11583190372964887
0.10904555825203754
0.10413807295383899
0.09469192866778565
0.10203335159890262
0.10825566381425591
0.09461460770828292
0.1090848358515733
0.10516706554357255
0.1092240051532018
0.10678062668050047
0.1559316825729811
0.10807780536247458
0.09238135923680484
0.10256403575055646
0.10546949985701283
0.08071550520207536
0.13378842195655702
0.12523809152742124
0.08687381031610197
0.12224937379306884
0.09791253697652048
0.12831290458018435
0.11462861860689814
0.1204510578052172
0.07298691551927404
0.11275073796245697
0.0868925531341661
0.16002896761131244
0.06271038765861782
0.08495737480227412
0.13090448110881156
0.07376247693679062
0.09111036825533246
0.09989243122183715
0.09136677223367119
0.11893101879430276
0.13196904447980373
0.12337247329469113
0.07971709971937277
0.14372409911482292
0.10945889147009606
0.0983484050034672
0.11301137598564323
0.09160513110344058
0.09746020170476105
0.1266138174986863
0.1011618396473208
0.0827297887156138
0.13395406154848236
0.059474833832164516
0.13964771894204897
0.10969312105785187
0.15855386162532673
0.15422911424775637
0.1487614462275983
0.10718647959162726
0.09255323431399995
0.08195384426098229
0.08887635883991996
0.08286434761504557
0.1330601985391317
0.09113515481493718
0.09520651239253186
0.11815779470210927
0.12898376916841678
0.12226561724317997
0.11512292466232442
0.12856133887716514
0.13846718418215076
0.10559801118370203
0.10669884005086823
0.14988923189087264
0.11185313495550403
0.1530626489430982
0.12484575851994692
0.1273363809915324
0.08313099741409972
0.09452451710296479
0.11082021173628644
0.10954818654646233
0.09218335119537104
0.07982541776705733
0.08402008559935914
0.08866078335659733
0.08650704134537353
0.11679897657553237
0.13194584779023477
0.1644767989724004
0.11919348683178073
0.10559613273323953
0.12940861749682145
0.12919786120597201
0.08451922259717363
0.11414961922459113
0.10775183771378212
0.1152633557756523
0.11836842446594169
0.11553053165137817
0.09658834455376579
0.11202198386873283
0.1065846199415113
0.1228357345411495
0.11209189519426124
0.10953914120354778
0.11179510026637945
0.07717276178593571
0.10053624197966296
0.12876672990120197
0.11231793021769608
0.09062024084281288
0.09979323217813707
0.0936895562639494
0.05865084888687515
0.09626958072135587
0.08339137716142946
0.15976731517633985
0.08978266370822174
0.14861480443541583
0.11436847303544395
0.10223061726792085
0.1651215769453711
0.10106564983698918
0.10703328377812951
0.11717082513788502
0.13908443277849591
0.12158569079484982
0.09687184863273848
0.07579056498313409
0.10437005608488101
0.11808829231663721
0.08168294533047978
0.13557950263336047
0.09140871696781401
0.09622673130792736
0.14030697994158486
0.08112702818188179
0.11429726048010176
0.11613451205649947
0.08357793113199984
0.10187409825376594
0.09263312511341348
0.11338478804484177
0.10761023277877742
0.10001495114242098
0.14301892640321157
0.10285821305757527
0.08694355948183015
0.09707681910226085
0.11499509581944659
0.10245023634063531
0.09090175384986333
0.09273062036589737
0.12725034258916812
0.10536239191924585
0.11924185489076193
0.08208667557833668
0.12120804039169322
0.09777433492338305
0.0982406140143141
0.08165276240457146
0.08636455582018499
0.07266767873653719
0.15289359814370926
0.07530481685514874
0.12012296413473177
0.11663389483527148
0.15902445403810198
0.13127958542135712
0.1139589069403398
0.1405472308757792
0.10540339533556531
0.10338693152743604
0.14025010512303318
0.11634992439998652
0.1071168824631727
0.10828997534708032
0.13728828838312215
0.12517766121972446
0.06524974968561881
0.08897347565193237
0.13751698967669712
0.09938628135793533
0.1158867322384487
0.07503178463071046
0.10981353035204441
0.09961366844533333
0.1550871461464903
0.12209542103085014
0.1291541616932376
0.1352206392641324
0.10767013389748797
0.08824660495784885
0.1275312564732463
0.11777745196056781
0.12886529281062434
0.10173937270983124
0.12137607819872606
0.08401113098944281
0.14257846546912903
0.11434547240689646
0.15976573791074825
0.08239459253156144
0.11432896360468313
0.10251845731271343
0.11344871123565352
0.10137827021356133
0.1007743814050429
0.08019382915261761
0.12874267369839
0.0873079189994657
0.12031838580458093
0.13738057440181742
0.12360636765115723
0.07381078733635774
0.12832932512331288
0.11996713184958988
0.10009491867654877
0.1280174433539108
0.09723573365759773
0.11671658807711702
0.14850944013439543
0.10271646686165029
0.13757773315722865
0.11577827440684686
0.10880551665078136
0.13820529370568718
0.13272958868225443
0.08479400662914133
0.10449292698812047
0.10902114618839309
0.1427861168520136
0.09666355677632636
0.1048026860138963
0.14904149425853092
0.12699093548365742
0.0962370994698827
0.05874595022024764
0.1196130574269622
0.1374079333661114
0.13509563211314896
0.1372210323110901
0.09934938057658523
0.07692597374441387
0.12199298917704322
0.15999025097754946
0.10176673449009359
0.06775905551251458
0.10727163031474723
0.1076027545386171
0.13488609993603257
0.09075484083754697
0.11978948816092143
0.08675348638382098
0.086820917775032
0.1111155005806626
0.09860570120558047
0.09098510841687867
0.11713215599610005
0.12830341773047235
0.1122165633160954
0.1070180692115107
0.1684906308316685
0.08571293431624481
0.07842326840605346
0.13458470444183324
0.12098889156547728
0.10709221449547555
0.08577163359558966
0.11099564681344937
0.11396212960965658
0.12317398037105812
0.09707909921214693
0.11726618251277596
0.14335242594937073
0.10046205530853976
0.09575382432570206
0.12094287854934564
0.12513618035377294
0.0996895799389069
0.11367099446403654
0.11693225141860857
0.07596965572160906
0.14519601369305782
0.09666973757557677
0.15032755484961488
0.10901999480420267
0.12191545929536216
0.10949834314249443
0.13687978547630347
0.09899484487739736
0.14019629506493114
0.12448299767278419
0.11171357980643754
0.1603355209616457
0.10243531159833487
0.11002078428809782
0.13920479368976585
0.11845837910743094
0.106845201207261
0.10289821211686284
0.1003733430488374
0.05925874476261206
0.14899968212481274
0.09166118992052726
0.10348865522587358
0.0997424713375734
0.10627442417907684
0.12080670359160303
0.09270579483671477
0.09580033150366887
0.1011157261553094
0.14977729763810974
0.08347082063541535
0.15076590578587584
0.1357365688340234
0.14860107140063789
0.12873672176486725
0.07840688304848199
0.09540414500872442
0.10201056718392897
0.11786783342571851
0.11375800595475019
0.12370725820871484
0.1346690593140324
0.14241395224912773
0.12215448761658332
0.09699169500589959
0.13662982126745574
0.15734141227480006
0.14009388876807288
0.08453628473441185
0.09216811070210447
0.09178545539842455
0.09081611311362718
0.1472305631616337
0.08862279520067809
0.12175399631988577
0.11011549684422904
0.11334904595264882
0.14283512850323377
0.1349021503300103
0.08603170754790973
0.09890456262005631
0.10253501477487352
0.11461006929743034
0.0951669026999093
0.09929334756833293
0.13662702421549489
0.11297713524664786
0.11076463122666817
0.08031467735379084
0.10418213691219234
0.1020939882766077
0.13672956440105974
0.11532781953920908
0.13903274480710812
0.10612852769763124
0.08619078989289027
0.12870333259268824
0.10748546646482508
0.08531672595814203
0.09509077996310707
0.13647434807583325
0.15225709592224101
0.12974158849400183
0.09523315486124323
0.14596470744771908
0.1034026920244306
0.10810870227150758
0.10903203895429811
0.10649390921699911
0.11402077102727297
0.10008202986063927
0.1090113200890963
0.12342293101921113
0.08801103737561398
0.1303992155158796
0.07034672471795692
0.12163149057146681
0.08566071072642144
0.12500981257681765
0.13138558206051448
0.09560237598336456
0.09177211937459452
0.12257809677473272
0.10446320013417151
0.0909663916148581
0.09178513862800336
0.14344526797234147
0.11670845959626859
0.1081892574930869
0.09383172222111587
0.10860608325780452
0.1250978051384057
0.09768635757811013
0.12376269663541661
0.08104076095398396
0.11983412021890182
0.09125101874586487
0.11422460689622554
0.11167995877616045
0.14500389422425308
0.13497628361085648
0.12375719166191927
0.10144800431897866
0.07703481980280877
0.10718184074782383
0.10477331925156128
0.1325691497840295
0.1337245807659145
0.13281331391287302
0.11978395286369306
0.10305288511938966
0.09862259202243641
0.13689582507249098
0.11495988501083045
0.12397147931918433
0.1267411254123714
0.10353117595240455
0.09242570172876399
0.14358314297371166
0.14146514061118706
0.1270615407918042
0.11421011965129166
0.06640647304100425
0.0919247008945854
0.11281288506313272
0.12621594272487618
0.09328323676680479
0.11051843067396025
0.11384917701060822
0.12083548299435276
0.09204258665297278
0.11202904527537222
0.08339766820218637
0.12268499235172348
0.08560170858671738
0.08294279034486336
0.09909591045960979
0.0951154065502212
0.13207276409471716
0.10784621591940177
0.12410157135290521
0.08512465036688319
0.12194594848405917
0.15176462994593287
0.09438418334091271
0.08125140080022424
0.12141410712661993
0.14965637648648863
0.16151065250639632
0.07285831389502555
0.11527087684260036
0.09315071725955175
0.11420535044394342
0.10378360863459184
0.13993383288340275
0.09514761940203856
0.08160405755049195
0.15012204846958152
0.07697500983518811
0.1161035255730176
0.15320526248607907
0.1118248619818453
0.1055170551725965
0.13959839931897716
0.09382400266885166
0.10783909073687938
0.13553944490319017
0.09509480108868093
0.10637256022359305
0.11037594931934452
0.06746259467647372
0.11936307404859066
0.12490798007076404
0.07925970601756158
0.11324451294872613
0.14102703571871197
0.11988106953696186
0.09359901304162778
0.07156611864300966
0.133519304180014
0.11634324729270289
0.11564297410561512
0.14556009470200312
0.13283220654827294
0.08818446045672171
0.10386516950042614
0.11942629430775638
0.105704664845718
0.14381155581326957
0.1077695134904937
0.1299829934920558
0.1256220254528386
0.11378324935461628
0.08526076655766626
0.07512083104292439
0.11649864993984682
0.08982934402227842
0.13746652205831775
0.11356591396570995
0.10729203780868343
0.13694594104020547
0.1560685710909823
0.09904373513409304
0.07903746251284367
0.12293779047662876
0.1536100256701559
0.1134893345781236
0.06791212380446265
0.09173970420109386
0.09448259736839827
0.10236246943874748
0.11991248078384546
0.08034099785720003
0.10553752563063293
0.1168429799454299
0.09316400353239393
0.12038274021980748
0.1041036806088474
0.0971532741774712
0.11681362870365833
0.11241587477994062
0.13565175275678876
0.12357293017012289
0.10396367237534615
0.08988624516826847
0.13019069635496058
0.15264165197524912
0.10868759346493728
0.10778143998925024
0.06481155005401337
0.06477752760157145
0.09100771800655859
0.12150396337908728
0.07983009701918893
0.10740140702632661
0.08135806971339365
0.08090811162980709
0.09272515635913552
0.06962431019411593
0.10579512252139803
0.09754494491743419
0.0894485107938967
0.1084566076210486
0.09858472012942879
0.10696908676097076
0.08614204168203651
0.12064615640494541
0.0863015340588864
0.11420778686981518
0.15476647328502052
0.12412149717500119
0.16888347467705384
0.1054225960759856
0.132799388282922
0.11502613076105668
0.0778359477744251
0.12074013270564432
0.13797873712708955
0.09451238311667436
0.12014538286672558
0.10182541939502453
0.11277506882041577
0.11975325047312177
0.13371077048930183
0.09495573403795107
0.10223189907660178
0.09872874217495485
0.1356443150892535
0.13665443239004915
0.09759207437168324
0.04457238585841191
0.11084073579865959
0.07952924820738444
0.1494852301642689
0.11750269552480787
0.12740530825637084
0.1035653757277443
0.07822881664775737
0.1377576124331301
0.09944734385569175
0.11506231725441765
0.11618086044051482
0.12143627099076436
0.14223126426747698
0.13321542805064618
0.14662439725337661
0.13693876862680393
0.11111996047878848
0.13194545151262285
0.10045286349159445
0.094602055350079
0.06793316438380911
0.09889452588228614
0.12499553932316367
0.08962616382210735
0.11305463370942836
0.1138519016436068
0.11923043649325907
0.10976702459949945
0.12371963666259558
0.1270060565508913
0.08707438502669497
0.14037188607217876
0.13617901150754388
0.10608168205653382
0.10527618618667624
0.0819526392808826
0.10236498068227896
0.10911152190014814
0.14319283135721575
0.0989825101166574
0.07940841349241243
0.07075815031750261
0.08903358998045047
0.1021549356876528
0.0900627880888068
0.1024037082797889
0.11571960792141212
0.13735547067661355
0.11027989368349486
0.09933867568357209
0.11840137456553738
0.11410190114532731
0.10858062441574481
0.1405881013110419
0.15006016800278707
0.1356844090312915
0.06953673307066041
0.12638946791269537
0.10755874654149569
0.12826930844968062
0.10334890742038359
0.10367750465949088
0.1556780194564104
0.1367530276217518
0.11977003105439828
0.10645293906967639
0.06443082214632902
0.09341460905553964
0.09332921861429809
0.09157115524372408
0.12094917937029884
0.10532562408405467
0.09534195706893846
0.1386548555233565
0.15560103622347898
0.11023954755902382
0.10893358765742478
0.09913705606344281
0.10676604293200906
0.1259083023440008
0.10004817010391494
0.08854957041716423
0.14083883099024333
0.04795138641271659
0.10583170741529717
0.13961936789486176
0.0769794015607476
0.11169119327358605
0.0691774448521988
0.12803526630187698
0.11060317713306551
0.12168811922874828
0.11348692508599575
0.12396545825197088
0.11396332396911345
0.10403326291809496
0.14932571829528812
0.11001431174416364
0.11812314733405535
0.08880089133799048
0.12223390111976933
0.08667512907704117
0.11797644497336673
0.08676990522098163
0.1094571560344037
0.07030189094800708
0.06165947908611661
0.12268724415633454
0.12235238273772207
0.10813161793347476
0.10567087262269714
0.09770674075062079
0.09254515849578014
0.08776208752886464
0.11965851543247255
0.06582883035244749
0.126328359077215
0.11552496674128733
0.11698534660785798
0.09333305670847317
0.09714668328457103
0.12071828743398426
0.09977929226977293
0.136385187591598
0.0993795559499877
0.14216877331513667
0.12372631978936645
0.0997627166940377
0.1133692952026609
0.13340162164794978
0.1345643921846337
0.11561073525102715
0.11700085133385957
0.09210645875999353
0.09309218047884367
0.14055451462071916
0.10477413100906095
0.07410526581693123
0.12091989202847812
0.14405386800702435
0.08640132641949742
0.14790287223479043
0.08336134064109975
0.09745811613322948
0.1205978703649903
0.10143473017819665
0.07541034387389578
0.10203769185823094
0.13582310195064234
0.1080828604635562
0.10560523898177417
0.12010289602883646
0.12317524540915188
0.15213026618686737
0.0907089346417903
0.10061140761566131
0.14957567799588317
0.09666542719412098
0.04987325047746253
0.12956329162114563
0.09782284868611314
0.10729454427811586
0.11368154191458117
0.11567764400751408
0.08726576405782394
0.16160698802955747
0.12186672409503949
0.09275549510432109
0.1275385893179135
0.13397816866851225
0.07423140129982557
0.13653305870526605
0.10842531394161732
0.09990164680039632
0.07446756832464323
0.13876696039892922
0.12804183279153603
0.09016024615891505
0.10936810200764689
0.11317372592764678
0.10870719089080115
0.113451425327965
0.1346040097097146
0.09253355821021034
0.1145159482764073
0.1147888893517217
0.12363912755252382
0.11673068643759876
0.11116957096509023
0.12423190888247657
0.09089612282362657
0.10436754311748526
0.08522396704451228
0.11698832126725342
0.13450054826636193
0.11423271256050566
0.14524761588990112
0.0779544468285069
0.09643690055897002
0.09952063309916388
0.13444933512786852
0.10394466566307636
0.09515411181581648
0.131972834674446
0.14405226177874797
0.08273048419062413
0.10894176852381551
0.0877300993654543
0.1586950477669692
0.1413944269436784
0.0973886974656473
0.07692660144054822
0.1285300736596294
0.13319890975871673
0.13762280437031835
0.09792612512276731
0.0992573769116134
0.11234661907854289
0.08471196693829373
0.0906103195101152
0.10924234349715413
0.12852151682934676
0.08003934665577986
0.05673727827650809
0.10712218179790128
0.10980116465382389
0.14414348323834242
0.09123474301282591
0.12069918736544565
0.07360918948555388
0.11608837729476505
0.1137513812242256
0.08421140711816569
0.1255071928869751
0.09115269642957287
0.090334150289064
0.07522452919467487
0.11232336901839793
0.11850695637668412
0.07754422217009826
0.08837258969820669
0.12319886183413653
0.11867423567239185
0.10681541305490685
0.13163731643291046
0.1210762836251042
0.09701381383086455
0.08262400426794614
0.09592728482777027
0.1120134786914679
0.0921779482051056
0.09253952917569251
0.08942577877794487
0.1069810721520556
0.09731228641927814
0.1069081462125076
0.05120102612840728
0.09414630738206561
0.09513714860621118
0.11687085834694337
0.14919375070361637
0.10631244946754131
0.12762765947128346
0.09883457688955137
0.1462689022251285
0.09033078255310109
0.1202658830166793
0.07549311156634225
0.10095086328322549
0.11395411367461036
0.13100293972928792
0.09993107925696532
0.1370729907419494
0.10840333017409629
0.14454898787986162
0.13155849947257997
0.11405003113684872
0.1330294607056291
0.1069265356952305
0.09263650828586738
0.1061913380354918
0.10014542694704329
0.12356621953672293
0.13632107367997526
0.1425835937470262
0.14534828807824796
0.11254448431858495
0.10566825500479678
0.08833809738250883
0.10779764930957311
0.11737952626811503
0.11496155740291808
0.07547934697393269
0.11199963007488281
0.12546337824105175
0.0518031806208182
0.08646111990383488
0.13300676949594306
0.09983327043025783
0.11518542822304345
0.13488017538056704
0.133651734345684
0.12146430953230736
0.14315435451978284
0.11075610275059748
0.11341569757511746
0.10447750712481828
0.0989415513487075
0.11636990163872704
0.09090776673414565
0.09857965043893036
0.12681200175497648
0.09881241252502361
0.0930327334454747
0.09595593015704831
0.1493181016677201
0.11166167646845314
0.07716040856518513
0.09008249353424139
0.07057782632768855
0.09779317534549713
0.09351603675943289
0.11633344484227252
0.10687035458414988
0.08775673849723843
0.10600446305157281
0.06712011325416725
0.13127811083483684
0.1461960378021451
0.12202017203028387
0.1230653107251635
0.14827406552520445
0.11301878866149208
0.1165452071415985
0.13490141669531164
0.1111521354176333
0.09856535279257314
0.08845635929451375
0.10054870048304623
0.08377945435794992
0.14260735827878696
0.11492917225816665
0.10555673101032922
0.09297704078800202
0.1532395856372378
0.12319545200186008
0.10153840444451397
0.12194527328854178
0.13280061546155178
0.09304517424287
0.13135558712833256
0.15396652212713463
0.14226258869639727
0.10432279321761936
0.12565525790603163
0.1112992820998279
0.12673496922302224
0.11892961500676967
0.06514973873456721
0.05938244202127882
0.12525512563161706
0.0969078191277785
0.09318270801533361
0.11235284938046405
0.16796446653103533
0.08738671087288978
0.1003708196132613
0.1422450618464281
0.1039100769539575
0.11326862062478829
0.12870516342509397
0.15295766889453294
0.09456120687535902
0.0946193631087516
0.08835440561869098
0.10646907051687242
0.0925471023927722
0.11859638947169966
0.1037013837301914
0.12001908356307037
0.12559240503161506
0.10944053486782285
0.13850477816561438
0.11428816027370493
0.09824417263954828
0.12023667289000198
0.08286157120377753
0.08265370174138244
0.07832205037036395
0.098004878938891
0.0963359630879826
0.09802922631943548
0.10495750271481845
0.138184788353746
0.06926604968967227
0.13058127238512246
0.06929308333869577
0.05369281963903303
0.13258735716875727
0.1285120161735172
0.11511212655616955
0.12260842850839507
0.16646144719871542
0.07527301072794022
0.0844384961006442
0.12315133700380258
0.09891286983591252
0.16144814700235607
0.09828580150366113
0.12432303656285865
0.09129417979710308
0.1165584209552283
0.14252972566188746
0.11197217930419183
0.14115640061991813
0.11644808179865737
0.1236659769460557
0.09243453620965852
0.13776490235205166
0.1275725682786807
0.1188248678581812
0.12328172764852427
0.12077212550118079
0.0822948587617464
0.10665304199761082
0.09071830825426297
0.1416742508307483
0.11861157864249769
0.11539859569476742
0.14085304592540976
0.09900609872682313
0.12321944851047342
0.09049176667855986
0.13272544265167324
0.11017956131416204
0.13950201664004275
0.1276155701552958
0.06933258711378143
0.08689651113119015
0.10618634400145793
0.10885557260996424
0.10370056153425136
0.1156418603169928
0.11819553168906347
0.10070509255109453
0.13748199936214764
0.12626174685067174
0.11437655597674481
0.10546374966520536
0.11887451353656256
0.15275331637255005
0.10728501374199567
0.10495767937667932
0.08574423601579699
0.1173813227587241
0.12138395498657373
0.1361398189399138
0.05530989710530246
0.09100260257691169
0.15568394127373744
0.13161643596402672
0.10102768240402397
0.10861416772254691
0.07808232552705419
0.08796975018085741
0.09319992125740786
0.07731366016113239
0.1046511037714575
0.10607231944699881
0.11472623135160048
0.15422574037825393
0.08557311083568624
0.1186294255318016
0.09755798789495428
0.11112964970458043
0.10344228569611746
0.11629441226959626
0.11458398555224707
0.05087602757412789
0.09025274845209964
0.11205069828185467
0.1338567027046052
0.09156641413950557
0.11726916184290721
0.0687588756238249
0.14112524607035984
0.10234199390310622
0.09938806774100034
0.10786857024844143
0.12405861088613333
0.120962745916003
0.13805458487515065
0.09825807180781936
0.12351417963646516
0.11327362442724913
0.1221008669199918
0.09661410780860999
0.12448792162444042
0.0783565427985888
0.12553994020748235
0.11222851629116526
0.12619292925576547
0.11157308913828304
0.0806219602966935
0.10876316994580683
0.15073984420596803
0.09057528176724029
0.1256276545126091
0.134503891048418
0.14127756875887088
0.08566390822535065
0.10501902161341677
0.10759023439105304
0.11372014755041056
0.072510515464635
0.09530816424029818
0.0687544024579826
0.058897913507513965
0.1326972046939702
0.1213301168591332
0.07791178430302192
0.12635978354615632
0.12651666455399654
0.10245108009845903
0.14566086696374417
0.11891419473490694
0.1309895283876948
0.14892590850738205
0.11031765117832028
0.10315983357981408
0.12781828158634803
0.09747969659169606
0.07159997494728768
0.12604356518049314
0.12261403974014866
0.09049304153571301
0.1184899394075268
0.11731540223636563
0.1368332399955543
0.10863568270877799
0.11943761048837719
0.13471443833646868
0.1355237247137051
0.08658431783816024
0.1159253254437416
0.11803786828533763
0.12257055077466153
0.10986365345328833
0.07194451614549159
0.1369915155607057
0.104020211254633
0.0691531023715253
0.08838360576925613
0.07002752814782806
0.12404138678835125
0.10362051567710907
0.1089997306190579
0.1411952262553106
0.10559069793998413
0.08336851378820981
0.146899253541407
0.13550579147115133
0.11671122874068232
0.12684227290864852
0.14106621709069944
0.11956618258106888
0.11975202148986905
0.06937829970962486
0.11527155770998278
0.09619442862856113
0.10793423336461568
0.03251944350600279
0.07992732892750766
0.07130894016968332
0.07558323197173414
0.09201510176655144
0.103571979443464
0.10550732832412459
0.10054008004634037
0.09956797943571066
0.076163276057392
0.10007117112093222
0.0802258398506901
0.13826156248262936
0.07840382832221211
0.11414081251059975
0.08905999840701564
0.09863290260518562
0.07017339875694675
0.08765025078145076
0.12078903574264543
0.1440257136170455
0.14399719303197228
0.12019460736995738
0.12627244259600356
0.0824310864397229
0.08214636720504787
0.1095695806692725
0.10288511534307013
0.11973375848153905
0.14563789272132138
0.08389782684441935
0.135632651542137
0.09884527766738886
0.12518356135026718
0.07904607085094488
0.1486905522802698
0.09566629419467967
0.11829848630787672
0.1141123672288201
0.08859831951471071
0.09909615418753084
0.08168572993433762
0.12269638773518614
0.10402800192665596
0.10669045985496194
0.10216488719175869
0.10262351209674044
0.12326151531394607
0.12938523256529214
0.13069794839866705
0.1299169585624406
0.1306903137691859
0.11754655635494171
0.14754554898643638
0.1469532644269963
0.11196011493175426
0.08437072607106696
0.10082155438606395
0.10885772388543445
0.11359747759099488
0.15816622683062725
0.11318451699578545
0.1133314892340889
0.11919984786864468
0.12306420754561022
0.08801495392841044
0.12942634034266817
0.0995806086187711
0.1470756233313519
0.07930269787417103
0.09748541606001238
0.15245713705173058
0.11480184970722691
0.10348871300085169
0.11377882557528751
0.11124928340703377
0.10758769208986588
0.13659968110164422
0.10922239947784032
0.07793286325734085
0.17382871311229617
0.09747602578011651
0.09819275120238746
0.10060690322303531
0.10465165618312669
0.09506754762127148
0.12330414107013961
0.13776984437472106
0.0929919313777745
0.10441511044208493
0.09184157514962257
0.09413554568108913
0.07671257809392844
0.11343584394126684
0.12951998964950087
0.14721488763083998
0.11104352861993338
0.11811130939286424
0.08928109797654457
0.08422720679078405
0.12411053889474467
0.08908035337276382
0.12768226267908678
0.1512909406360153
0.08546506072738297
0.10989668240758443
0.13598163058791984
0.13503876141529056
0.0753296997018186
0.12428579248327094
0.12056245523564593
0.11453005835433296
0.11438530862018864
0.0970948066535692
0.10949290511663412
0.1023576154781859
0.10894993019605254
0.12294002974409923
0.14538385995583417
0.13692364260705298
0.1581241926968585
0.11895964954202666
0.12860408610854707
0.11946600454057596
0.11016429263906966
0.09357470741292655
0.15629197837102032
0.16040133369800708
0.10549634458887809
0.12441607942633051
0.09712546708757619
0.13183898134155478
0.12953049032039574
0.13737673565147246
0.12170782336383472
0.1171959572317206
0.10482258394118306
0.11058694368173215
0.10324455994036068
0.11810885797375831
0.13419520949237812
0.10608610965738345
0.11141126596869105
0.12911513819630613
0.10564054421453382
0.06850799546156164
0.08879754586740052
0.15294316474780525
0.15568133040583312
0.10366921567603991
0.14031532249981063
0.0881849233768679
0.12210456455686768
0.14171426222307734
0.10084999058442719
0.12349141020562764
0.14999153594758627
0.10290805837175833
0.14509240544155005
0.10473516618586359
0.08298734273381131
0.0935369430454525
0.0956006463214619
0.13453910843859093
0.1092644050235334
0.09559624146363396
0.12429741567607064
0.144017220906296
0.10063925565142488
0.11782544153681233
0.14018559210620335
0.12442645681407995
0.12077524038680232
0.07999697688375142
0.11477028342279579
0.07369887992491951
0.09798087419573592
0.11762209078108905
0.10692422860436142
0.09000861755561732
0.07563706932042971
0.11741959000238192
0.14492022871199134
0.1625064316764875
0.11576639295762658
0.10659896276341341
0.09794607923412939
0.11829164164982571
0.11054358203344154
0.13670365431871542
0.1337711012465212
0.11830812699214767
0.11744178221053879
0.057574914147739346
0.1254430251927904
0.10568395184621088
0.06385761932004415
0.07560034275947154
0.1300934664666883
0.08708641136365128
0.12872210553485533
0.07914749592719923
0.08993326444471794
0.10657251469348755
0.12449721320231141
0.08179088810326177
0.1192185298630981
0.11501094929492084
0.06716731187804124
0.10303699435078233
0.0976933166371161
0.13218223119056258
0.13028889247944858
0.11383635181222601
0.09373663616184687
0.07839810977781887
0.115332682575294
0.12060268545768944
0.07383419592508696
0.08982288910303862
0.16256330630268762
0.08940430342069162
0.17405185762256936
0.10144564162076306
0.11432923910642508
0.08069775225740931
0.11634583054827649
0.12612350572418957
0.12229459940599997
0.13587547140164763
0.09825457621248475
0.12473758399579957
0.11641607761777142
0.11162096992093822
0.08656497333939002
0.09383775832470548
0.10948914710779645
0.10316169076027308
0.06244055092758734
0.10997394274616717
0.10188532300324718
0.09579795612488474
0.12734398183869566
0.09757619900260793
0.1438719795892179
0.08655568212379304
0.10683289302965404
0.1220614328957661
0.11254677124254578
0.09756915435487895
0.0930556448950148
0.11575037298957155
0.12480326789719022
0.12446367596084956
0.15075965171347627
0.10156930670949171
0.11697256028101945
0.12687045924283155
0.09478491771782882
0.14400799290714972
0.12436697961766523
0.07633802923732624
0.09020323107693998
0.1163780600587233
0.1581924546368592
0.14585587334502623
0.11408001785085356
0.1032443970170063
0.11616757766214668
0.09463432259015252
0.11906040260900384
0.10627779292355609
0.10850189726155446
0.10739071957088084
0.0754956819653779
0.1169776370202853
0.11175677755598185
0.09194885890006173
0.13491376527512047
0.09758127970987207
0.09555542049850174
0.07900044212916188
0.09462052348189219
0.08542959929783488
0.08039801195712784
0.11895593690593882
0.13668854804249758
0.1030846190525718
0.10382815569738506
0.12511463091281036
0.09622618389571516
0.06664930406406469
0.10411574733538569
0.1225222062684559
0.13595796127591736
0.11739296999286264
0.0954062372660397
0.09825494180442723
0.07707015124717051
0.10314464588365921
0.14987867326033527
0.11964195993287348
0.11824702917213638
0.11308343902507084
0.14493877466671565
0.0743023525618738
0.16311456255136775
0.0954191183578534
0.09243525477513183
0.10341561304434019
0.140367307672372
0.07906500519444763
0.07780262739522754
0.11783032587101044
0.14904995142192903
0.11275344218388748
0.14232625832536358
0.15227074971018065
0.08553014116964197
0.10572196371597178
0.1279916085910757
0.07140058863509799
0.10712628798140751
0.11910239940604582
0.08432958175108517
0.11347757686938378
0.07879157417628077
0.11099174885602961
0.12036728708895841
0.1280994181044027
0.08363636480502351
0.07083010352299282
0.12074854341296953
0.09364856922396933
0.0956601791387
0.10553866836804628
0.11010826817487368
0.08143724017175588
0.07645886871293722
0.10367373069004884
0.1037914008281461
0.14138045873704863
0.10494236397597134
0.11634484443323943
0.09844167852783162
0.10842347004818353
0.14543967146592582
0.1454362792314237
0.095606619796437
0.10539463362974706
0.14463059120104832
0.13975456005684686
0.11571024571145014
0.1250866039703558
0.09481405195121928
0.12144446120286662
0.12053124332923497
0.08086580629672921
0.11612123170037855
0.07845570809463832
0.08910668709549369
0.10193514406165849
0.07258205077939298
0.09401883315421247
0.10858192111285295
0.08404888921267406
0.12264547563500926
0.11617370184122781
0.1278634561082182
0.06404344402318078
0.12789019913571062
0.12919362637170917
0.10079815450737817
0.10619643572652998
0.1208771215106264
0.10470409726949344
0.07564763814985197
0.10112468911039871
0.1004931467681881
0.07961432017709859
0.10287499093942477
0.13671882513095035
0.12163287515493687
0.11214459337211553
0.1272053603425751
0.12474246956166704
0.11981785888045941
0.1335640206935431
0.14027514026559382
0.13481794876402184
0.13980640862099977
0.13523548094420434
0.10970249263844573
0.11409074739791333
0.08653518731671074
0.1509313422468088
0.10964499694505524
0.12477386156113085
0.1287595840560766
0.1541315288291285
0.14686319364961498
0.14043666229672133
0.11147533002370387
0.10000223266188864
0.09403037933986794
0.12402743125362575
0.10458037582845663
0.10316302842118644
0.12331577692833721
0.0946973930841504
0.13320805637239566
0.09842594752190706
0.13157524250272923
0.1166431888957022
0.11130435015695726
0.12555789595808756
0.10842010452030075
0.11382727698459395
0.12850720067003704
0.11183195710399477
0.10040187918954248
0.13197887665330227
0.130185651759645
0.1240756769389745
0.10568600807430378
0.09192446172489323
0.1034433052427193
0.12056709507989291
0.11177047186689007
0.13307932853652835
0.11468362073854689
0.13827744689250182
0.08109628833948386
0.10319881808245691
0.06476272965521503
0.10981826881715759
0.13869069121899022
0.11248273732150235
0.06145821163221115
0.09201792524065279
0.10052720004777226
0.11705335280377362
0.12067118153064858
0.10355261616881736
0.13658492894667984
0.11237035391649221
0.12739232948445303
0.10163353368847915
0.1302674742721306
0.11654410079283037
0.09587752240135591
0.13436702903737605
0.0867822189814517
0.09535569919902871
0.12259832192908837
0.11051260549880661
0.1236207548394682
0.09446217628514275
0.10785920382430045
0.13068329472779652
0.11700648165367367
0.10856029752088762
0.09517739290795475
0.12958509647567173
0.1055820708169091
0.12300707804485692
0.0864716391813977
0.15113768014303272
0.1298599460914291
0.13383259533183534
0.09141004150608097
0.09028094422884153
0.17426128521830234
0.12488532187177548
0.11770333250766825
0.09328655073382477
0.1102494340930069
0.09046087623781193
0.14238617128412664
0.09990532686726727
0.12593125093451937
0.12325746519325746
0.10940191584641142
0.07899149433030571
0.13979694484072167
0.13573980930631224
0.09322915558944002
0.0831649543922032
0.09969446326581621
0.1309415885625581
0.10626522967731067
0.10171202391540961
0.10080689344676622
0.13256776287207722
0.0928012913313671
0.10860731598306174
0.11273844938886741
0.12222125021128756
0.09411892901717121
0.12047204166804448
0.11286388183706643
0.13724070281918957
0.12629654074949648
0.1266777946764384
0.08101812402385768
0.09637536009203293
0.11522540620233386
0.11739464138771932
0.09186148324033024
0.13333249825733157
0.07963133155128363
0.08018179670894038
0.11936765258239482
0.1193128744428401
0.0870925924838501
0.10451997441501618
0.1160947418211514
0.11219270716861987
0.15361503450038563
0.10278063894650896
0.12127241685417033
0.09046907526924777
0.09783932382611486
0.06547655695987988
0.12964655544200868
0.0921208520610142
0.1329451658882732
0.11430021328790985
0.09583888305784227
0.09269340860917875
0.10525188657636976
0.10712983656742821
0.11782784672430668
0.09470811416652886
0.09140406224724698
0.09502452242340144
0.13372546415352385
0.12175317422137175
0.10900160696539259
0.11160199348007759
0.07659728806983049
0.14163108809635774
0.13206996723638698
0.11413494558882531
0.12026658755961016
0.12381858740047937
0.12071638906052636
0.08875384572627387
0.08710453520361781
0.13040633564214987
0.07275014427134441
0.08095686887313494
0.08697340415418303
0.1212315954568644
0.12951210257895743
0.11942832493637552
0.08970784476136745
0.09849745223013516
0.12326846676210602
0.1131387434207821
0.09474759632854206
0.11734025767701659
0.0701364549055403
0.11205983318473986
0.09948233798077404
0.1102744759416307
0.08304563149678153
0.11175893348910651
0.16169900280718516
0.1327883812785851
0.12611663635372208
0.1271507897588413
0.11844347301989809
0.10044878328113874
0.11454824605131002
0.10103017586936193
0.06367508290176253
0.050395261600303075
0.1154042815723695
0.08655668784554514
0.09138126590766135
0.12506444107897918
0.13859557313686802
0.12530350238269675
0.1055450275976647
0.12148823890607519
0.09652453163680788
0.10142999925088549
0.10554918971256717
0.11888417159315556
0.13456059857199695
0.11727974498459762
0.10049116587239668
0.10998277319604724
0.11659489626957253
0.139543455624657
0.10742683712854774
0.10992332322045628
0.13403143251368435
0.13138097165048104
0.14084068733867594
0.10945529598688064
0.0796979536342455
0.08943015326264642
0.10480983979147768
0.09658539979179312
0.11615313572787629
0.12969119569337453
0.10234262684300673
0.14121056421816683
0.1054186943996934
0.1281203345432403
0.11790556764823802
0.08507639976770369
0.1123016855232805
0.14862866208376638
0.14130940147680293
0.09950208519622628
0.09905067236835101
0.13234888394001862
0.09267483566980785
0.15113984455382257
0.10846911440304582
0.1058527455836229
0.16174170496455792
0.09747010818412391
0.07359715275918263
0.15073369151613025
0.14458311409791072
0.08539859112331336
0.10596387785543158
0.11048688588052462
0.1287618174465787
0.1263063179376995
0.12398508322869006
0.07701083048878349
0.14434330316047161
0.11755986425043179
0.121290490739142
0.10063394196921085
0.10675895237348343
0.14792859008405226
0.11066533121567577
0.06474743132823323
0.07484310559763299
0.08641743703368872
0.1084820477863181
0.11449216031788843
0.08345839706615382
0.10248525056427168
0.09691123932721928
0.14898833840895837
0.12481089751849846
0.11064153236672615
0.11369107828903909
0.12175936602603209
0.10799333095057051
0.11317218036312061
0.09429232418059655
0.11837003260251126
0.11454978687897477
0.1427639176661692
0.07606242546573831
0.0895329487027896
0.10211174050180832
0.12306413506465856
0.13975718249043387
0.1282395839427427
0.10302805717818421
0.09409820829913407
0.13709768246982115
0.08033205395472724
0.0874402449715217
0.08107455093195741
0.127224408791006
0.16248468951888392
0.08330423942052667
0.14027418289645646
0.09029605795008384
0.1435778628624795
0.08801946677720854
0.11051452566534598
0.10034702565617669
0.1056992585076749
0.08516147439299321
0.05242770207082017
0.11978358767330359
0.12247192141609502
0.11264546442232154
0.11443086278920388
0.13093080669761348
0.07466575683953265
0.09855782390755276
0.11764617736712407
0.07318792264169698
0.09112587367577547
0.11419618463375952
0.13357057762726374
0.12092474510760236
0.12789302674149752
0.041744798021286035
0.10474298930308117
0.14809033447171238
0.14111446628398144
0.07150920806621722
0.05249318621064223
0.08549229808971738
0.12129300157069971
0.14502754381016036
0.08733558009827205
0.10610770033888228
0.1218739986544605
0.14021299580464125
0.11270186803967525
0.09491597940756001
0.14529345487482573
0.10118412274909142
0.1336341376089583
0.11060411523100887
0.0925932808290201
0.11146840026827826
0.14387297439094576
0.10277690984875568
0.12172784684402503
0.14435704259997648
0.12936709294394355
0.0804837152816638
0.12165113606322372
0.13521299918324953
0.09303226678012584
0.08407204681817543
0.11073047260332562
0.09840561330868434
0.09831011970331127
0.1138733704987481
0.12481866800893245
0.09854532700645864
0.10044144866805886
0.12045653169281742
0.11946376980873914
0.1272460153971146
0.08609395407322995
0.10667511258474258
0.08649892170541043
0.1027031316656654
0.1368174828141789
0.10610228028157796
0.14894913684856403
0.12161340075876415
0.13457230056893885
0.1066609247342534
0.11564581580811235
0.11708745854438143
0.08258653342806946
0.11958278065492896
0.06892469923979223
0.09856173140694056
0.07765940165794712
0.1190341818423741
0.1014375787290112
0.1231642644984499
0.06402474463267491
0.1203588882357173
0.09598694929921572
0.14423092890310618
0.12597131591978125
0.12634979163375848
0.1496359979985505
0.08265164887926617
0.11240073468083082
0.126522367161211
0.1301315529586454
0.09703849310998784
0.11882307516501413
0.10688622875492818
0.1146925252654847
0.11146504477316671
0.11807740224712593
0.12541145508561904
0.10340504651987449
0.13775707756672367
0.10587751364538059
0.16280569823076563
0.11222868840095417
0.09897668618160016
0.11258195608851344
0.09863549365442947
0.08746203172405528
0.12080147059646935
0.1197814392092805
0.1503888986986969
0.1555164697803874
0.14121648528897254
0.1241102513855351
0.11396233869435575
0.08693654892043517
0.12058294807769686
0.1123423408624297
0.13243948445433393
0.07602799236026088
0.11981825232153075
0.11781563048924219
0.09748811138888672
0.09558985577655112
0.12888519826360856
0.12176565410287957
0.10877467161133221
0.11296882789130776
0.1308809326639481
0.1060980245820229
0.12928197707809563
0.11519986196446129
0.07590020443422923
0.088268620977533
0.04405008460112976
0.127671960002616
0.10854114337482361
0.15108305077396839
0.11954186898169872
0.0987908015995519
0.1241972243171825
0.09822434248789091
0.1352259932956997
0.10112163435514392
0.14298120006123724
0.14728051100591347
0.10847186232571084
0.1125502879969587
0.1662682628727192
0.05806527333101029
0.13255689609050675
0.1178376109662156
0.15387756581138035
0.09664177113776114
0.13316034360667672
0.14040235981478202
0.13262473127529623
0.107366737496182
0.0921465819954956
0.1396286806962126
0.08861662494220968
0.07924163355348209
0.0776009796143141
0.11341445244882373
0.12850224029017476
0.10850472228870564
0.09858071485738697
0.09680080782278272
0.0776719434605182
0.06536557561075362
0.13118358633783467
0.09758943132668405
0.12110135292951647
0.1195528379463498
0.152233747512699
0.14108168080977512
0.10160594975292343
0.11464979005872164
0.13418520147803684
0.07032061016280695
0.10373156288361501
0.11685660263083722
0.10531564207375868
0.08093600629861815
0.08973687768685723
0.12780150610008384
0.10553107705247974
0.1360995389755079
0.10827282502756541
0.17693936993911155
0.09546053786376217
0.14827992246786625
0.0806211675337524
0.08359842384709083
0.09916480484948258
0.13174853627977767
0.10377437923266915
0.12161174459455301
0.14453103175143248
0.10206911707990957
0.08045957299862011
0.12185661219921423
0.11097356277503069
0.12668052899655138
0.07612702680930739
0.07769078189217181
0.08772131980303739
0.12176280750428695
0.13458297678568032
0.11567794771687082
0.12258919957562597
0.12641035337005935
0.10229891222913948
0.09247870371125583
0.1288060190751872
0.10019356243458531
0.0964760349133826
0.09589466551366738
0.08400822270965697
0.08905402426478934
0.1069393596202497
0.13978741710592063
0.1384615504328965
0.10267447263934859
0.0977760519648993
0.08903896608401692
0.0801871951959605
0.09059625937625988
0.10836808940592964
0.10823593338163494
0.08799117704505514
0.10146581516778727
0.10045693137895974
0.14819506285741427
0.1526669293016953
0.06946649799866127
0.11875285527723528
0.0918056137679198
0.13630316382178956
0.0960090786861235
0.1414880251308731
0.11570881001119056
0.0845078882293612
0.10344620852448486
0.118308036262643
0.1278127211416726
0.1103495420472229
0.08477683927275631
0.11653368108735356
0.10971886100321283
0.10007914525106504
0.13951168473578912
0.07630636841137384
0.11674290450268844
0.11759587517585685
0.09390552451701693
0.0965784910993945
0.10325824276623204
0.11986221686358832
0.12136882594680411
0.10436795149483853
0.0808183772362167
0.14343341704687132
0.12264845196612922
0.1301818885511551
0.14215990095883138
0.1664289416172011
0.0930057488122622
0.14868311273864152
0.10842468474024923
0.09485904006646632
0.09330838947109144
0.1441291081489923
0.09414820671230391
0.1246608451604158
0.10680998958901909
0.10818013357126303
0.12316717326740192
0.08909324848448831
0.08109646064643374
0.09376988565373566
0.06482507705845078
0.15033129814680463
0.1263687518093466
0.13634935148794736
0.089978675173839
0.09176526408499898
0.14608680912395888
0.13672959202611676
0.11768618941020913
0.10870067972744146
0.09534931714198414
0.12185644707964016
0.09814077855871059
0.1505638121821529
0.08419332903912537
0.11631504433205744
0.12862603362745811
0.09397688039394222
0.09226419217142039
0.09023981895931388
0.08470868130441453
0.11858431009838326
0.12760489903477334
0.11608110079003667
0.11056621903085168
0.08138268558522685
0.09473732921340619
0.12009852803512404
0.12462540925513668
0.0932407882785305
0.07179449220545132
0.14717980463145933
0.10970532172306437
0.10339369874180843
0.10406316316163387
0.10978291140197201
0.10932124544361761
0.08974878301866852
0.12112570097800338
0.11161036965682472
0.10681334941873633
0.07719459349442627
0.10530598954130703
0.10555809685650802
0.12902807716994205
0.10419858526005013
0.1579195941105938
0.13549422920471518
0.12750569397047803
0.12026033353389497
0.11312187975010271
0.09699603702101221
0.09632218026812311
0.1173530896417943
0.08926699819803388
0.11532349939694146
0.12521746862347516
0.09914359411624699
0.11482654280544624
0.11643761550602165
0.08354432948974581
0.11616055142489537
0.1471418794985472
0.11837581721294196
0.11684544880362249
0.08532994025364501
0.10252426515450723
0.10971237697370428
0.13036066075398495
0.15691164164083474
0.09790970556470699
0.09821737889391052
0.13936948311422992
0.09748732562407977
0.08487190273231587
0.11431852884521468
0.11553447296614641
0.09528188614302155
0.09420490055051634
0.05493046381492895
0.14268959401827758
0.12981386990196536
0.12855185072417413
0.0890616342407498
0.06628426623858424
0.09962084193063649
0.1045146933920934
0.11701462823510447
0.14323178893006136
0.14224086762715774
0.12420713314354974
0.10052002358710575
0.08478924347250671
0.09403504512555101
0.0928894385841442
0.07875709307476209
0.12777591517582762
0.10432771803947843
0.11681822567690107
0.1081018214201016
0.11614291946357504
0.14415082334492785
0.14905769146455639
0.10811529496757476
0.10481010095016267
0.10964519612629602
0.08758710977214595
0.08796303290464298
0.09235513809674523
0.1407653161255463
0.10433776920539627
0.14912154254191318
0.11503403275418951
0.11692687275827378
0.11521525109561709
0.06599373259077498
0.11935747413800255
0.10736575693763145
0.1070527805592135
0.13044166142241273
0.091270452160502
0.11571075338974864
0.10057403178634243
0.0917837140052828
0.10725289280253124
0.11328959958347985
0.12071379870953648
0.14986257961297572
0.1291305292878961
0.148412764084759
0.16699528685953718
0.10644257168221381
0.11328937460330481
0.1480172359145932
0.12322788426678902
0.09680817319049172
0.09868616703266048
0.10460695235214892
0.12047667936522438
0.1271097356891594
0.11497285587406629
0.0978211962151369
0.11568929189078593
0.08301010286046279
0.12860653178846265
0.09734833534553765
0.12212036220434726
0.09314662768803457
0.10306474780110135
0.15615013301570302
0.12301793090395882
0.13271880276276327
0.11804034133450159
0.09695238471297894
0.10038938957185489
0.11018745823603171
0.11637544524711245
0.0962482820190181
0.10924777602887355
0.10857356620094266
0.1324444651751151
0.10896222205095103
0.13280548050474078
0.1200450354368342
0.12528661213085213
0.10001354546470806
0.12296379000712288
0.11190494935855953
0.1308156744005099
0.10478305838687704
0.0932600970743713
0.11588273628542439
0.09831573823659749
0.0963736409030811
0.05763733105863167
0.13459981296409804
0.1288902714802604
0.09467540373203877
0.12505879773549872
0.14689290401752128
0.09279498809050317
0.09446204247543515
0.1011080259639727
0.1014767160281857
0.11091233557033227
0.14083541076670453
0.09329565728218342
0.11306982192992122
0.10495367059328808
0.1117054954541312
0.12877146885020926
0.1554723557405748
0.13462798655084368
0.1038967517246515
0.10249715198365493
0.08598546624634622
0.13647696356224415
0.1069756278757046
0.13054830943291326
0.10589120122218558
0.09773931857388891
0.12521043392560108
0.13171617758851556
0.07689391367919368
0.06819043907587702
0.08925615519872118
0.1275540098207523
0.10396874877035374
0.12229353498998256
0.10701672637856254
0.12071174219243556
0.10710765262871906
0.12010691422228319
0.11140918938782927
0.09616761109420954
0.09991559168828004
0.07600166401682762
0.12753776063081174
0.10706074729297191
0.10335681500741829
0.10251422950810547
0.13062993901369602
0.1120042592754889
0.11036534119849781
0.1123017148254613
0.080763890354774
0.1126825737312686
0.09580286730578963
0.12110549320430336
0.11978254940115923
0.11276915685922967
0.14332849271229217
0.1274612606856969
0.12775452306226262
0.11308981589448402
0.07176617199199148
0.12386854683854454
0.1052680734664181
0.08796731526302813
0.14509101987807735
0.13306488075490075
0.1366699254771064
0.13229067520287496
0.14280639458515104
0.12607516482808673
0.10635696509951746
0.10678862662951268
0.12696033472801393
0.07664023298774675
0.14021214618000358
0.11858049734245044
0.1288242526694352
0.1146263929044124
0.1208146905008334
0.10856002582885917
0.08241356383359377
0.13257134966200526
0.1162731354758412
0.12222022264228945
0.07569528406338762
0.10504823255232262
0.1035752912834675
0.15895382108235484
0.0737244486049752
0.12808730692073175
0.11212035764860862
0.13339188004122862
0.0647371739317833
0.1268473795776511
0.09869164230776142
0.1690821938701132
0.13447689069068433
0.11565779658675039
0.08990601874235858
0.10549798752914091
0.1260958499734101
0.07300094948616151
0.10040896427101856
0.14748770522195329
0.11806475482189317
0.08501375344685383
0.08939761582615353
0.07485311466381135
0.09151316944550997
0.09866402705018532
0.09323849698940016
0.07441863586607442
0.08228656315996576
0.06454888984704968
0.06123752994598484
0.09587800820355352
0.09780205523053993
0.12049486395647263
0.09560320664089829
0.12463570634375679
0.10773749692159686
0.12848716432075974
0.11391565356251715
0.056666405660958125
0.09770793081458952
0.10366756320866757
0.11163433933448669
0.1240187073176774
0.11689371618737525
0.09778948033156123
0.1453328158376406
0.06416174371405585
0.11254058918298779
0.13053384702624835
0.13754043454878767
0.09650415926233354
0.10753022132865903
0.08727525791246274
0.10148019807551863
0.03486859146456188
0.11468038235335497
0.09324572613667242
0.15583812425053561
0.10784255813431046
0.09578154049221281
0.0901191476383152
0.11936830867075665
0.10433411029254032
0.0936521338209229
0.1016018302075495
0.10971734303655263
0.09784939522589524
0.15996589952505247
0.07813954064939996
0.10137923688458883
0.13322565783883364
0.09352920574549566
0.09230490997597364
0.12787251176556594
0.12329613871670529
0.08689119452003592
0.09977198124550637
0.08715205198015646
0.1164878321188056
0.13191271334755555
0.10351132782045011
0.10438378450676744
0.09908946708282727
0.0789799663052647
0.11186783519941762
0.129249995852487
0.14198589423741598
0.13827508875577432
0.1040830670651
0.08374733812180928
0.10605755404873053
0.10834549057809072
0.11799023539448147
0.0693754471869405
0.055597815256948194
0.137673515755002
0.09116123668590359
0.11027806746547701
0.10111574201606048
0.12952269178334658
0.09166154769964498
0.08434126906655856
0.09843399301684227
0.15465426302420116
0.08249997612111681
0.11843908674113059
0.11539141376371026
0.11341709341887925
0.1526522667999188
0.13261985653453967
0.1238026569153146
0.11487387891500152
0.09387629654135639
0.0970311575192379
0.10404480111037379
0.08474335226446107
0.13633650326863425
0.10315355505115284
0.10586560323546515
0.1112265398816589
0.07719086385300572
0.1208641595772102
0.11367139950376218
0.0866317914155952
0.1033967830649828
0.08473271751457778
0.11154696900868126
0.14514662847517584
0.14988791294541234
0.09659057693140688
0.12506526334345305
0.09483472940052942
0.12166104490718327
0.11204878124416164
0.09431230919666096
0.11604522102290216
0.0887818664442994
0.10263248401148857
0.12457478309470484
0.11427592573168667
0.12797903742499311
0.1103076563970724
0.09937452225330143
0.07593351215706627
0.12321008841221223
0.10041341115391833
0.09458136282495809
0.1042905295487476
0.10748164227354008
0.1172905101970228
0.10040185504959702
0.08088817659265056
0.11374124800285726
0.11809333205071232
0.11891657602258489
0.0855437126697397
0.10805321293562657
0.14092964607092529
0.09119549420747917
0.10931408893417414
0.09038761557912667
0.08670318441701567
0.13422199890921524
0.1298363131338698
0.111406979634032
0.07559126946142122
0.10586029195927867
0.12041814859153939
0.07188980560213405
0.13546803412208552
0.10114753750492292
0.12362536371605876
0.09811771790510362
0.10462662584920397
0.10122489410658503
0.12244737125639214
0.1370718496491452
0.13623006251112252
0.14036466830100577
0.11297138840453926
0.12257979731625233
0.11724396790946502
0.11161868881537754
0.06879179528066359
0.09002482419484148
0.1559819778215406
0.12699310039561254
0.10366230456198275
0.1212623949474365
0.126569236352228
0.10550467047352262
0.10589984315437213
0.11816065210563018
0.11846191931678748
0.08098956805435159
0.12938090171380928
0.06910689983350389
0.10944811390156059
0.08606334007457105
0.15970063608209736
0.13099780820806867
0.10237006226634497
0.06796923228115752
0.15081219348278538
0.16947684130346644
0.08021170936734388
0.09908833283866568
0.11792635279465202
0.06171164408418716
0.05694624754644818
0.13826982479591904
0.12610637887861598
0.12876469011655448
0.1277026735757724
0.14443941611210262
0.08218151390679262
0.13532972260070425
0.13367423107052775
0.14394753312519637
0.11440017902268089
0.10951199845245994
0.1353217318657439
0.12802130780665932
0.09376590549070567
0.13876733776965047
0.1204163712148871
0.07510862701867421
0.11687130434356334
0.14306969087019877
0.0809350631366092
0.12025844913980581
0.11402658653420521
0.11575656870119792
0.12708952513993418
0.15094006510677108
0.09144269748286264
0.0975940110877855
0.08516310608885291
0.0792789336019659
0.05818905647322828
0.06756379669965155
0.1169140514110288
0.12365838522288257
0.06686379065412187
0.14093374654189267
0.1577210379703522
0.10741314048638012
0.10088815851224037
0.1131332634017799
0.09109106566544434
0.15249174882652716
0.104322180169859
0.10714038443728235
0.06392750404654501
0.12217926506344699
0.11197221470988859
0.11398479916092139
0.1538215445808671
0.07026449626031331
0.13693167395268444
0.11294868165456876
0.10660521060552253
0.13258757910596894
0.1123214606074704
0.09122309506113767
0.1346818969517256
0.08260444196591349
0.05203160437144947
0.10974060208164486
0.12203804500999857
0.11793493276187873
0.10505356695412901
0.12785729562780304
0.16771013401257473
0.1359485219907101
0.12665307259513992
0.10595432985515782
0.10822799854958565
0.13339161842713265
0.1134114384797682
0.11712775272559266
0.0976577499993322
0.09307530251082266
0.0802110455116943
0.11922873990035805
0.11258644971344976
0.12585514588153876
0.12904317229209947
0.10537090486033596
0.08536655856686609
0.10464736501876265
0.10400463679597267
0.14359907333250357
0.12882200888777434
0.13454398208924875
0.10020289833766419
0.12494674773860015
0.09854247192253857
0.07791128060098938
0.12800667527522183
0.10654440268313999
0.1580855804061863
0.14243550070523947
0.1155910702197633
0.07432616173857691
0.1458560509198244
0.15324036289128434
0.0975702631554863
0.10918744082896095
0.10995023271502519
0.06500505404527003
0.1110309162190369
0.10484722610054409
0.12202780022128294
0.11633730842861341
0.1045606938002797
0.09824988447526924
0.060480787331418796
0.09659490676617932
0.06835000516873183
0.10325900743423945
0.1292647010416791
0.08985450252874717
0.09617739624976253
0.1190386219312747
0.0856113856830575
0.08897958744604356
0.10249835336155505
0.13651861058809972
0.09516354983092574
0.11875341656814814
0.11305375653074265
0.09543672986431306
0.08557532553488476
0.0821864945915502
0.09958047177082571
0.12455113045980853
0.12577306112493242
0.10660961190232665
0.09910770176157392
0.1337597206401242
0.09939766432658903
0.061943162554313896
0.06508848911753828
0.11427838483472925
0.10444082328316835
0.09506748383955539
0.084694858462399
0.12559763897809958
0.09768763641501839
0.11124830855925531
0.0823745839216969
0.1167382355189931
0.13094531674912707
0.10103686666674501
0.09725008077633902
0.11670498436713098
0.11068745621027877
0.1213859332010094
0.12105990364616087
0.09629525272241997
0.15947482573821148
0.1380108064816905
0.12792566205543762
0.07439453452182447
0.12298579446977609
0.10684566861962189
0.11837021050817559
0.08363441700212933
0.09426972933823455
0.11661674853212052
0.08272509757631848
0.11096031673805958
0.15268435142835227
0.08955853791406788
0.12322693783794413
0.08101722441682385
0.07890311053976137
0.0787800477084149
0.12418708418970091
0.12938902208935876
0.07474499239051373
0.07845317580954865
0.13378092645501805
0.12722897646525702
0.1132843166419582
0.08060314594527813
0.06298515141528954
0.13251303378971516
0.16863155011174838
0.08649443956543708
0.08860933958587407
0.12392964713582746
0.1069353030539433
0.12702632469260727
0.13135860377948058
0.09002717194383728
0.13355334535584462
0.11188813345803474
0.10825292088274806
0.13427096037621755
0.14601677742138888
0.12336418418196968
0.09750614018821757
0.10079796094429133
0.10086565361035531
0.059233602542197665
0.09017781077834114
0.08735128455951383
0.1455256025849541
0.10694741783550585
0.11869205586451184
0.13402827481079968
0.1486594044622935
0.12732429199363193
0.11763556452103933
0.08861385749629964
0.13360546039737967
0.11175012030836143
0.13022189593383926
0.10416158039241245
0.11032022522194289
0.12750190083521865
0.10502197767323944
0.10072044670063783
0.09443216315861724
0.12312448766329577
0.09536202735145721
0.10792908504276487
0.09070464187519406
0.08528857373033648
0.11297189574549643
0.08316914251878153
0.08778826340735395
0.13554069133454255
0.0924324267912313
0.12865821174731873
0.14403050575091242
0.12629618654652036
0.1465883942446415
0.11936421237021062
0.11658238006173931
0.0807577644474936
0.10558673730125666
0.1073602496975681
0.08562323889521786
0.087067074872802
0.09153885289582984
0.12456051562323817
0.13135306887022308
0.08802429679225865
0.10538254895774445
0.13122846098783966
0.08760547545071999
0.08625837170396536
0.09949046640296295
0.12342568116333236
0.12051417742333076
0.1023983596130013
0.0819622418015411
0.11690408864032545
0.09515860825389881
0.07396255257127285
0.08996782681678929
0.10891953522861217
0.11226391812298836
0.09815165958017288
0.10987274926092452
0.1412882522470592
0.10473400343190127
0.12500257037800824
0.09018153476913685
0.11004545348442825
0.08378792134322893
0.08024520434354297
0.13885466756042156
0.08775477578105591
0.09701455586073185
0.1337128272716569
0.11636460777025202
0.11612793565703444
0.11811338332863236
0.10036896535220276
0.09363678029000484
0.06635422417939402
0.12053701999584096
0.13132975772096586
0.09053816176928414
0.13164725347454767
0.1363565219356395
0.08631805786182749
0.12681527132715315
0.1240079639677172
0.1238996379258615
0.11130890128583165
0.10404836985999401
0.08717715248385521
0.11814654998868014
0.13411116543779178
0.14263613982229698
0.10588764323025232
0.09535486019698652
0.14538471132126407
0.12662572129594812
0.17526702654459547
0.10543116586996518
0.12892056568269297
0.10479632080828899
0.057142129429603554
0.11623094211867187
0.09391882898313292
0.07944889754176943
0.103120520794625
0.10947402772639148
0.1291130231276729
0.15779651667081374
0.10012879605583076
0.10274576225516543
0.11961360656099816
0.12255697527403298
0.12334939237306113
0.036635977357349594
0.10031241293648852
0.13651019359242653
0.0739100165448694
0.07660979194803041
0.11120814875166841
0.10853762522798487
0.10378489088324772
0.12901980631445362
0.12126043775331044
0.10171788792700903
0.11215937105388467
0.12785090094856283
0.10539848049925828
0.13392330580952405
0.10436305660707167
0.12274006892046041
0.14775500958281607
0.0943577918482682
0.12612769412506963
0.0728699600763359
0.08453272488340566
0.1327578809506754
0.08092946377922663
0.12515050268194394
0.11338683137436735
0.11278736151917404
0.11597368218708204
0.1378149804986245
0.08979386843931676
0.12171293553565639
0.11727041023523747
0.07967948626868583
0.14149187722543888
0.08660615508168469
0.13008749023565158
0.12664223411440373
0.127553521837308
0.10131929255159361
0.11138393720788158
0.11489204678079555
0.12033753398176514
0.07885453811472658
0.1005918498638464
0.07780213545046732
0.1269562450681985
0.09938863930043697
0.08103348249086594
0.10524741624711055
0.1357908607528402
0.0944133373167877
0.10029742686617404
0.06374711068462663
0.13071689285882623
0.09402467458569735
0.11255856987537914
0.10253777164573384
0.06640331242278334
0.09148285773297427
0.13395887384697638
0.12344128981785378
0.12230027539743668
0.10988826010824762
0.09267910214032296
0.09765163570893948
0.12106578148759824
0.0703606798317796
0.13804938402475744
0.05928060725937445
0.1064767050744512
0.06336482351349018
0.08821098793684408
0.08379574838382046
0.14868595103553964
0.08397579801828624
0.09578776172255984
0.13516977870675986
0.0926570041823963
0.12811844860620256
0.13347175663601638
0.1182258955008841
0.1020280240186391
0.11035502270659339
0.06587356796853822
0.1292193382511536
0.1309818320273092
0.1109845333297003
0.12736598051981504
0.16067420524042214
0.08155281376429907
0.06906782239143384
0.08071524280312059
0.05356433256067094
0.13656968703470843
0.11868202841445868
0.0912972000076731
0.1260551431506161
0.09984882985300564
0.11417567503310348
0.08809648360186728
0.11936356099892005
0.11935810310461907
0.11677380316909503
0.10319380218736493
0.1349317687208411
0.08625269544763213
0.1200898096889016
0.10296519986419866
0.11593959219577547
0.13070180755860591
0.1190429179905427
0.10343976893136715
0.12278949235928995
0.1183877553943845
0.10965628085277755
0.1156981853332419
0.11321872965211842
0.07287661007482872
0.13682008887534236
0.11460190942966031
0.0879514979345789
0.12254676854708213
0.0907727221374071
0.12320860518502814
0.06921288655196528
0.07946912241762642
0.1073942420623565
0.12549490562046972
0.11411260035847866
0.08743347190665629
0.09605534122188453
0.09789918678221195
0.11406786248234471
0.08888929071542098
0.12213360358922204
0.11607790148308993
0.10625568975225626
0.11777481551642928
0.13219046170973264
0.11732884348593445
0.1183398024290588
0.13415826759290175
0.09529868089094973
0.119072374580342
0.06354417213726184
0.11301781419327195
0.08395214409956601
0.10679897944331505
0.07574985413719809
0.11288812917343233
0.1078014380782586
0.09021838817545888
0.11080120615109998
0.13349811669971065
0.12166131725565804
0.11037375680576664
0.13540616582061163
0.07115046414897469
0.12962416528215928
0.10867828501188583
0.12655936796918013
0.10853774794498736
0.08474802158919417
0.12018619004077775
0.13060362001347078
0.08017813440626488
0.1036125056697086
0.12424827206375189
0.10412642177807382
0.1062493374157413
0.15542497962526042
0.13207150093591669
0.09815613714382335
0.06424412844626987
0.08831918743806057
0.07222125590153507
0.14662355881503633
0.11857479252426381
0.10720794416445753
0.12619023346573435
0.0852480629901304
0.11898668595592025
0.06127566819085106
0.11944520507936711
0.12469973535499912
0.09756727742001949
0.09722881952513096
0.11146787734021567
0.16630247433737325
0.13134349245333474
0.11205876100300344
0.10395041094525695
0.0870004871402982
0.11133460655045148
0.11679648870040384
0.1420245000480171
0.08157652818039372
0.10970434309362716
0.1262111681396776
0.0931724384012742
0.12294540285104552
0.13981525521040505
0.10487743681347646
0.10323001518681656
0.1137717349225749
0.10176456889705511
0.10787944551581512
0.11150966167715794
0.11355544286053727
0.09454662996526347
0.11275544736428418
0.1042102143888334
0.12297935866366905
0.057950380096370435
0.09882181788335191
0.10655593809259434
0.11754858677065014
0.12241231498792395
0.1123363451032619
0.08201868046345509
0.12635459437600347
0.09847385653870688
0.11070040101796992
0.10930344824198536
0.1117965350501054
0.12379983286030503
0.11880397489097151
0.11271190984677672
0.10139400869977697
0.08404311464245386
0.13475125212044084
0.12006269798639131
0.11883568291873342
0.10181516644265605
0.12602058477372957
0.11558358482821667
0.10149455705133734
0.11776659054408505
0.11603833306000359
0.10161337534653088
0.08140450597274189
0.1547336815622923
0.12827283601567196
0.09509295695161775
0.1541780395767428
0.07553989102197041
0.15490397637542927
0.12632610590585422
0.08043191496018418
0.10942701741212266
0.09586267259722907
0.1067843523064859
0.11250433277475994
0.09902479605439733
0.118123911878243
0.11653792204614413
0.1070657584804754
0.1316885549340887
0.07686449273555199
0.10794000796596182
0.12849891502507357
0.10961984107611701
0.12520844987329513
0.12208781504623167
0.07592039754708517
0.11227193891888539
0.07335744270310246
0.11934677590468452
0.12910661348454078
0.07995517354058033
0.1459527608387513
0.12521368242756495
0.10764497469067484
0.11181153153846496
0.13989296390940142
0.10450637976772104
0.11978065134070617
0.094779090062455
0.08524784742923606
0.12334988233570432
0.08677299514461811
0.14931202084295647
0.08662761347293754
0.11273845460735714
0.09787423517497917
0.14430229084989377
0.09276534384734131
0.13343702091579615
0.0969860485907685
0.13895153682578884
0.10497918937795214
0.0756318397126959
0.11329649949421083
0.11189772109819339
0.10018090353300686
0.12711489158377054
0.09944168452388578
0.08778862852095497
0.1331875397840929
0.061834145421182415
0.09457089326738052
0.10690646225400396
0.13446964731975208
0.12681234390681564
0.08918864144980351
0.08701435943602787
0.1468532596729553
0.12729520890205082
0.09244632489883346
0.0826554331996421
0.12578504342333274
0.1345101724735361
0.12796709786939256
0.07797694388032718
0.12509745906105382
0.12617230988142603
0.12085679439429783
0.10853228061570729
0.10875114196594982
0.1009012558984995
0.07966721654236326
0.09540613998107719
0.1589189801820499
0.12940282294960112
0.09664522712751224
0.09193339217586667
0.1346301603034567
0.08096729722189956
0.12739252144288124
0.08871607629199466
0.1122884381318081
0.09344577339815369
0.09856241791289587
0.12044676827462947
0.09883772191217423
0.13617875495305512
0.10925495342950563
0.06108363774409388
0.12735933256698073
0.13147039730524923
0.1004423060281352
0.07875871026662082
0.13135943914497833
0.12543083974567368
0.13314070289361968
0.1135852302117769
0.12145422753107166
0.12439364598388292
0.15428524075915234
0.13988793827019141
0.10015020803489183
0.10604153280316793
0.1373443074095894
0.09044659247852983
0.10144480990873994
0.08867302682461899
0.12537828950748475
0.12614509191821593
0.129396655256774
0.12870530255534313
0.06801652350689928
0.11880359546059861
0.13327090845508527
0.06876083573939845
0.0825903505093142
0.0961667848968132
0.13246717807474515
0.0839828013415089
0.13023316388673317
0.07878226629333565
0.11596656454051145
0.11912391636917637
0.07357004340096492
0.07105852300304803
0.1213123812618191
0.1030411737207852
0.10393334718286779
0.11469030123881517
0.11996950273320327
0.13468882262174112
0.09370355985003656
0.10246405498701296
0.10799145756125268
0.11549364299493155
0.13722980233320015
0.11239797719509444
0.12211243824567457
0.10713732103320692
0.12959819280789403
0.15870646966264418
0.08267176852686044
0.13386320464263646
0.10654987336710098
0.08859976934541626
0.112018442230299
0.1483804804113411
0.14983656253986133
0.09749752150240239
0.11188096465541221
0.10600065580384542
0.07171282725674986
0.13785816094900363
0.11275675528739065
0.09377846912405934
0.11658480702057114
0.12400733073532223
0.11269241615492977
0.09100558078953445
0.11838502551092567
0.07776263876079371
0.09497959623821059
0.12113387955164066
0.11010309848724804
0.11105736911763878
0.08868218028660672
0.10832335012451023
0.11708606578253453
0.10951232527409373
0.10691224858870213
0.08857441906796217
0.0930914062311953
0.08808683509053127
0.08247497556727003
0.11099308186366132
0.10184668320688525
0.12198921202931423
0.10088581048887327
0.10612513084514068
0.08290778288727178
0.07642061346409154
0.1337811375779745
0.12097920127632855
0.12403212732232206
0.12048194141169301
0.13130042463098857
0.10412509210821917
0.11812085984286874
0.12390369121897289
0.07495429125118695
0.118289327035013
0.08673703392619543
0.08240371273294861
0.0939934844992311
0.10899896933853932
0.11489928185557931
0.141129878545045
0.09190254671905601
0.11797407107630543
0.09948577088776141
0.09911424853997879
0.11564449354464063
0.12335389464241273
0.07187239785311106
0.1326449848612741
0.12914937227636977
0.13131658150632558
0.0688414566101523
0.11229285108604997
0.13172018358171358
0.0787867150048634
0.13162270990683878
0.11030350409540658
0.10696561407834407
0.1035411285122814
0.10457194021918507
0.1296768524025658
0.12624952084223906
0.1399087870140184
0.10143754893038451
0.0935448992375071
0.10722596237758808
0.08951007439860788
0.07263006213494659
0.0864892885481393
0.08720028033541116
0.13072018973654337
0.1411524046493266
0.12748340816257442
0.1308304453472295
0.14233970980108696
0.11834414191284154
0.12507891296573412
0.13067904349449172
0.10551903412920359
0.09929931178549802
0.04859971715605771
0.11946968885843727
0.10139686563220307
0.12406263341934227
0.10285049421473849
0.11974265874220076
0.12002477814329161
0.1311131813053
0.09099292663304379
0.1072088835948181
0.12090755118563169
0.10471013354447696
0.09368928305281828
0.08500584698669494
0.12963347476489154
0.12506895374950686
0.12006417666606647
0.1583095007035803
0.15867579755445038
0.07291179621549701
0.06916199756054842
0.1301374296455067
0.10400070393140143
0.09636177573830164
0.11794293218158718
0.09325462243774005
0.0993334554376056
0.12470393459311173
0.07783118025092452
0.08507776981699618
0.0952525175779165
0.1106199561936867
0.12352887567176736
0.14582418886114357
0.092083285739631
0.10198024960424548
0.12779085847476482
0.11303159271490881
0.08043301562134987
0.08606812858056888
0.07000014559025027
0.11417727372896448
0.12815039139045262
0.07239411111609219
0.10658993375962325
0.1009711002646884
0.10261309257569687
0.12407922520266211
0.09789790195190248
0.11280395218108503
0.07710242273733904
0.11213076725843474
0.11264261681187787
0.09468373028866425
0.09305545131450264
0.045383174898521075
0.12904984073459091
0.11930125501968133
0.10569343167013763
0.05905061649226076
0.1496603949936437
0.14159279106101763
0.11134058705401868
0.11632829424458443
0.0982762812388107
0.13150893204759118
0.11457202636725491
0.12586568680035773
0.06806654361954866
0.09785312653574729
0.10350196645224308
0.11189979722661599
0.08184737988840934
0.10507162851399454
0.09038080845488076
0.12379897478314807
0.10143341728501629
0.11363762663004147
0.09021800495535216
0.1504552854779613
0.13020937365194113
0.11541720550842852
0.11172193845182526
0.11153842048350789
0.08849525298997137
0.11941044020633151
0.10238875390786545
0.10074927061204687
0.09337839110852013
0.10103920686430284
0.1388712908535232
0.12800345172178965
0.09957639454534736
0.10444914577687597
0.1107526562667444
0.10148437267146078
0.13621948801875086
0.11917449819727548
0.0968277306860292
0.17233363539922708
0.10563193246948466
0.13096532503935093
0.10332484169832931
0.1338188449796794
0.1256971491577301
0.07430818009229122
0.12500454924632626
0.1004720809942618
0.15149979891248194
0.09563681587851132
0.08435881222891159
0.14116776997727903
0.062347893939026656
0.07590334505960054
0.15080585667949392
0.12968484621158782
0.07239406755644906
0.09681158767646927
0.14284622548616313
0.0820347011111989
0.13327897038377223
0.10831805532425165
0.129089901219167
0.11279805645613201
0.13924076776624628
0.11888908155208094
0.10665325925147875
0.10601752380289951
0.1633098609993595
0.07252753743640578
0.09949804837986258
0.11838853327630895
0.15192365333615887
0.1385567445489183
0.09758385203979152
0.13468444055117149
0.1326112551582862
0.08385957407941222
0.13685136381481872
0.13635822791791535
0.11834244123195536
0.14443166636403645
0.09295301233203251
0.12090072549321362
0.14105062894160855
0.11175018870701076
0.12100927686937299
0.09391913692565039
0.1301220673995615
0.12273103880379192
0.13992650752335636
0.09811253573754783
0.09491567153059773
0.11994087561444174
0.09817757388697267
0.1290595886472122
0.13373663326216975
0.1555342030990265
0.10674273629389885
0.09258173766004427
0.07897766815137564
0.0983204773684407
0.10830768776854478
0.10104655129153135
0.1260575017477131
0.10860682070344693
0.13118433745639568
0.124875045855872
0.08368118321292692
0.06402409905022884
0.12852785068625827
0.13971564544392898
0.10851454506317798
0.07571471938933708
0.14669041752324724
0.10917471459455942
0.12681820068992847
0.09728604211826689
0.11014248410922801
0.10196327739117685
0.1641466118176801
0.09046880772256669
0.13024962917508393
0.15734781748281176
0.10840554800371023
0.09927501215060551
0.16026465213280464
0.09342775943098867
0.09816410156972027
0.12109738901061426
0.09102853532415721
0.06625120236450738
0.11965055604863789
0.125557682083282
0.12883891942367917
0.10832856971349118
0.09454674100049754
0.12417333365370645
0.10511824808300656
0.12279896453722774
0.07897351078918861
0.12040045229058095
0.08699716157603885
0.11837441640887394
0.1211222923677066
0.1185887047272376
0.1500181859363497
0.1428103876829307
0.10794778650035616
0.1011972202272153
0.10084336025945495
0.09134959786690154
0.14446048704436942
0.15380161487123317
0.11365842738918665
0.10068972030187923
0.08516953790262768
0.11262238980514379
0.10862887412805038
0.1165481689369647
0.10196608307855928
0.11357970825546683
0.13092739223825026
0.16013903604308014
0.1273309186543425
0.14048808791994188
0.10380708882879205
0.11524872424680684
0.10426039666490329
0.11736039258708597
0.11204861973490503
0.09130471348086826
0.09521048030809864
0.10351932494230355
0.1172304792269335
0.07833024012566245
0.10258230444889618
0.08224482717563926
0.13962548841345362
0.09254346184495113
0.12311406928154656
0.08993186922985326
0.09341154271815988
0.09336163774723837
0.08936776163952491
0.1309848469678206
0.0963384551979529
0.11226130786910331
0.1023631339535343
0.12128043549646213
0.11368836045540992
0.10516050893471024
0.1255400599522122
0.12578903544919728
0.12993607831580709
0.11255064092570108
0.08705944201371302
0.1324321938848001
0.13415039576854618
0.0818165964974305
0.12370199628875869
0.12849347029559727
0.08372237445165014
0.15851895280098535
0.1362074413064274
0.1446646889006539
0.09647396953568664
0.13096232127438534
0.12817985484645694
0.10617979330677865
0.09742615578903392
0.0953746483728253
0.11432794439195972
0.1309153447765852
0.1141627505542439
0.10249890155384328
0.1030118009261921
0.08546007811636744
0.10611957809230771
0.11011321173781095
0.09851965632835362
0.09375474515378977
0.10766834093531778
0.11152473738915217
0.09518110865820723
0.08158748843844457
0.1429663431547119
0.16209187749369405
0.11806709348153774
0.13307463885893261
0.09140531505205417
0.12758633496027802
0.10760663079288539
0.11717020090688249
0.11753400398449018
0.08622992737285919
0.1315761254263146
0.12378005390653361
0.12874743548228407
0.14297425976220443
0.10397467184471337
0.1172371507588775
0.10743213185162286
0.11202679660321001
0.08073799985507188
0.1128998220745814
0.1025380174403793
0.09974866052678676
0.09797902775932524
0.17638237322187073
0.12223881151928682
0.1362121264166062
0.08810573925511084
0.09194243463769841
0.10952775886308477
0.11027668543605654
0.12081391694784087
0.13719115162866183
0.11272689769139953
0.12695938334399565
0.0969007597096158
0.10812145143315019
0.1222728286337184
0.12380390279296882
0.101263145890069
0.08823926785978455
0.10393448664086444